1 0 0 0 0 1 0 0 0 0 1 0
0.999283 -0.0357526 -0.012421 0.0130248 0.0355831 0.999274 -0.0136088 0.00755462 0.0128985 0.0131571 0.99983 2.473
0.999326 -0.036203 -0.0060468 0.0012234 0.0361196 0.999258 -0.0133678 0.0068272 0.00652627 0.0131404 0.999892 4.78578
0.999571 -0.0292707 -0.000240741 0.0581677 0.0292655 0.999496 -0.012286 -0.00582799 0.000600241 0.0122737 0.999924 7.27896
0.999672 -0.0254288 0.00308983 0.0941389 0.0254883 0.999453 -0.0210737 -0.0331441 -0.00255226 0.0211456 0.999773 9.99187
0.999623 -0.0260382 0.00867128 0.0920467 0.026316 0.999088 -0.033639 -0.0726335 -0.00778747 0.0338545 0.999396 12.9566
0.999552 -0.0285499 0.00903043 0.116448 0.0288047 0.999151 -0.029462 -0.169978 -0.00818162 0.0297089 0.999525 16.1989
0.999513 -0.0304109 0.00702336 0.138425 0.0304904 0.999469 -0.0114977 -0.224845 -0.00666997 0.0117063 0.999909 19.7783
0.999752 -0.0220315 0.00328646 0.207383 0.0220636 0.999706 -0.0100736 -0.231542 -0.00306355 0.0101437 0.999944 23.4649
0.999807 -0.0191187 0.00441017 0.229608 0.0191667 0.999755 -0.0111035 -0.237201 -0.0041968 0.0111859 0.999929 27.3925
0.999816 -0.0179769 0.00663053 0.281733 0.0180569 0.999762 -0.0122174 -0.239091 -0.00640933 0.0123349 0.999903 31.4451
0.999798 -0.0184928 0.0078658 0.336133 0.0186628 0.999581 -0.0221257 -0.255522 -0.00745334 0.022268 0.999724 35.6131
0.999798 -0.0181685 0.00856641 0.396875 0.0183525 0.999591 -0.0219136 -0.305663 -0.00816478 0.0220664 0.999723 39.9375
0.999753 -0.0168442 0.0145303 0.474156 0.0171957 0.999554 -0.0244113 -0.341632 -0.0141126 0.0246551 0.999596 44.1924
0.999722 -0.0169773 0.0163372 0.597424 0.0173882 0.999527 -0.0253498 -0.401555 -0.0158991 0.0256268 0.999545 48.5014
0.99968 -0.0176029 0.0181785 0.688904 0.0179898 0.99961 -0.0213437 -0.444604 -0.0177957 0.0216639 0.999607 52.7911
0.999667 -0.0199158 0.0164242 0.744793 0.0201959 0.99965 -0.0170691 -0.464443 -0.0160785 0.0173952 0.999719 57.115
0.999572 -0.0235163 0.0173853 0.829805 0.0240005 0.999314 -0.0281897 -0.50551 -0.0167104 0.0285949 0.999451 61.4411
0.999636 -0.0216328 0.0161202 0.923013 0.0219003 0.999622 -0.0166052 -0.549874 -0.0157549 0.0169522 0.999732 65.7755
0.999722 -0.0169944 0.0163152 1.03449 0.0173849 0.999558 -0.0240969 -0.577817 -0.0158985 0.0243739 0.999576 70.1254
0.999705 -0.0170734 0.0172942 1.09883 0.0175546 0.999452 -0.0280619 -0.612581 -0.0168056 0.0283572 0.999457 74.4702
0.999705 -0.0151114 0.0189951 1.1885 0.0156424 0.999482 -0.0281211 -0.657446 -0.0185603 0.02841 0.999424 78.7832
0.999603 -0.014371 0.0242234 1.2997 0.0150605 0.99948 -0.0285279 -0.723113 -0.0238008 0.0288814 0.999299 83.0008
0.999522 -0.0167622 0.0259645 1.41654 0.0176126 0.999304 -0.032879 -0.77798 -0.0253953 0.0333206 0.999122 87.1355
0.9993 -0.0187466 0.0323758 1.54408 0.0198115 0.999263 -0.0328886 -0.825139 -0.0317353 0.0335069 0.998935 90.8445
0.998867 -0.0176323 0.0442088 1.6832 0.0192654 0.999137 -0.0367923 -0.88309 -0.0435219 0.0376023 0.998345 94.2274
0.998271 -0.0113952 0.0576674 1.8471 0.0133851 0.999324 -0.0342376 -0.911859 -0.0572383 0.0349503 0.997749 97.2287
0.998273 -0.00514197 0.0585232 2.05799 0.00677893 0.99959 -0.0278071 -0.938879 -0.0583562 0.0281558 0.997899 99.672
0.999332 0.00156906 0.0365031 2.18737 -0.000251699 0.999349 -0.0360657 -0.96508 -0.036536 0.0360324 0.998683 101.768
0.999661 -0.000735258 -0.0260317 2.1886 -0.00021673 0.999332 -0.0365486 -0.977276 0.0260412 0.0365418 0.998993 103.51
0.991258 -0.00872326 -0.131647 2.00336 0.00532185 0.999643 -0.0261671 -1.00895 0.131828 0.0252377 0.990951 105.099
0.960172 -0.0162858 -0.278935 1.59456 0.00962477 0.999635 -0.0252332 -1.01691 0.279244 0.0215435 0.959978 106.536
0.891928 -0.0148094 -0.451935 0.978168 0.00149432 0.999555 -0.0298051 -1.03793 0.452175 0.0259087 0.891553 107.824
0.783386 -0.011599 -0.621427 0.159313 -0.00266064 0.999754 -0.0220146 -1.05218 0.621529 0.0188993 0.783163 108.892
0.632713 -0.00424051 -0.774375 -0.901754 -0.0130286 0.999785 -0.01612 -1.07625 0.774277 0.0202883 0.632522 109.813
0.441079 -0.0138216 -0.897362 -2.2441 -0.0184192 0.999531 -0.0244488 -1.06533 0.897279 0.0273125 0.440618 110.546
0.242399 -0.00475953 -0.970165 -3.74829 -0.0291838 0.9995 -0.0121951 -1.12973 0.969738 0.0312692 0.242138 110.981
0.10523 -0.00710211 -0.994423 -5.5427 -0.0206714 0.999743 -0.00932757 -1.10282 0.994233 0.0215377 0.105057 111.172
0.0148985 -0.0148003 -0.999779 -7.62562 -0.0234926 0.999609 -0.0151479 -1.1052 0.999613 0.0237131 0.014545 111.251
-0.0335211 -0.00339734 -0.999432 -9.98567 -0.0226001 0.999741 -0.00264038 -1.14277 0.999182 0.0224987 -0.0335892 111.205
-0.0330813 -0.0106803 -0.999396 -12.6423 -0.0202818 0.999744 -0.0100127 -1.14365 0.999247 0.0199383 -0.0332894 111.098
-0.0280701 -0.00969777 -0.999559 -15.6247 -0.0215549 0.999726 -0.00909408 -1.15338 0.999374 0.0212901 -0.0282714 111.041
-0.0335312 -0.0147499 -0.999329 -18.7488 -0.0204135 0.999693 -0.0140704 -1.16256 0.999229 0.019928 -0.033822 110.968
-0.0371325 -0.0155889 -0.999189 -21.9467 -0.0179223 0.999728 -0.0149313 -1.16477 0.99915 0.0173533 -0.0374018 110.863
-0.0415395 -0.0156974 -0.999014 -25.3499 -0.0236628 0.999612 -0.0147229 -1.17559 0.998857 0.0230278 -0.0418948 110.752
-0.0406265 -0.01984 -0.998977 -28.7698 -0.027412 0.999449 -0.0187346 -1.19907 0.998798 0.0266228 -0.041148 110.64
-0.0386734 -0.0193681 -0.999064 -32.1038 -0.0204812 0.999617 -0.018586 -1.202 0.999042 0.0197433 -0.0390553 110.51
-0.0409454 -0.018385 -0.998992 -35.4076 -0.023014 0.999583 -0.0174526 -1.20496 0.998896 0.0222762 -0.0413514 110.404
-0.0511604 -0.0199246 -0.998492 -38.5998 -0.0291269 0.999405 -0.0184505 -1.20598 0.998266 0.028139 -0.0517104 110.296
-0.0585161 -0.0187992 -0.998109 -41.7378 -0.0250561 0.999535 -0.0173571 -1.21945 0.997972 0.023993 -0.0589599 110.143
-0.0621483 -0.0199581 -0.997867 -44.7928 -0.0258257 0.999497 -0.0183822 -1.22604 0.997733 0.0246282 -0.0626325 109.956
-0.0637933 -0.017825 -0.997804 -47.5964 -0.0270469 0.999504 -0.0161262 -1.22959 0.997597 0.0259587 -0.0642438 109.802
-0.0661185 -0.0166346 -0.997673 -50.4073 -0.0284976 0.999485 -0.0147762 -1.21955 0.997405 0.0274544 -0.0665585 109.631
-0.0660182 -0.0167559 -0.997678 -53.1017 -0.0266917 0.999531 -0.0150208 -1.21781 0.997461 0.0256381 -0.0664345 109.484
-0.0910345 -0.0115257 -0.995781 -55.7736 -0.0245706 0.999655 -0.00932425 -1.23758 0.995545 0.0236181 -0.0912862 109.309
-0.113241 -0.0132661 -0.993479 -58.4851 -0.0306911 0.99948 -0.00984792 -1.22018 0.993093 0.0293758 -0.113589 109.034
-0.122591 -0.0214756 -0.992225 -61.31 -0.029634 0.999399 -0.0179695 -1.22721 0.992015 0.0272007 -0.123154 108.712
-0.122333 -0.0085924 -0.992452 -64.2594 -0.0177686 0.999821 -0.00646598 -1.22862 0.99233 0.0168435 -0.122464 108.342
-0.125532 -0.0195115 -0.991898 -67.2628 -0.0206317 0.999642 -0.0170527 -1.22145 0.991875 0.0183239 -0.12589 107.98
-0.134498 -0.0162888 -0.99078 -70.2076 -0.0200664 0.999705 -0.0137115 -1.24439 0.990711 0.0180373 -0.134785 107.598
-0.138406 -0.0165511 -0.990237 -73.17 -0.0224518 0.999656 -0.0135704 -1.23288 0.990121 0.0203544 -0.13873 107.206
-0.140099 -0.0194488 -0.989946 -76.4009 -0.0221813 0.999618 -0.0164997 -1.23508 0.989889 0.0196467 -0.140477 106.771
-0.148369 -0.0200515 -0.988729 -79.493 -0.0256581 0.999536 -0.0164204 -1.27127 0.988599 0.0229326 -0.148815 106.328
-0.152057 -0.00949695 -0.988326 -82.7092 -0.0215716 0.999748 -0.00628785 -1.28371 0.988136 0.0203637 -0.152223 105.836
-0.1481 -0.016136 -0.988841 -86.0646 -0.0204718 0.999703 -0.0132471 -1.27603 0.988761 0.0182815 -0.148386 105.34
-0.142299 -0.0174082 -0.989671 -89.4632 -0.017313 0.999736 -0.0150959 -1.26606 0.989672 0.014986 -0.142563 104.858
-0.136919 -0.0123666 -0.990505 -92.8785 -0.0203987 0.999745 -0.00966223 -1.2694 0.990372 0.0188821 -0.137136 104.408
-0.132628 -0.0153122 -0.991048 -96.3817 -0.015616 0.999789 -0.0133575 -1.26881 0.991043 0.0137046 -0.132839 103.958
-0.129542 -0.0129139 -0.99149 -99.7729 -0.0164495 0.999806 -0.0108731 -1.25475 0.991438 0.014901 -0.129729 103.521
-0.130635 -0.0134626 -0.991339 -103.143 -0.028828 0.999537 -0.00977511 -1.27049 0.991011 0.0273014 -0.130963 103.126
-0.134719 -0.0116076 -0.990816 -106.458 -0.0247478 0.999659 -0.00834628 -1.25713 0.990575 0.0233961 -0.134961 102.701
-0.138703 -0.00969416 -0.990287 -109.735 -0.0287389 0.99957 -0.00575977 -1.22374 0.989917 0.0276608 -0.138922 102.281
-0.153079 -0.00542235 -0.988199 -112.891 -0.0280358 0.999606 -0.00114199 -1.18556 0.987816 0.0275302 -0.153171 101.825
-0.162416 0.00619478 -0.986703 -115.968 -0.0301811 0.999481 0.0112429 -1.1303 0.986261 0.0316058 -0.162144 101.368
-0.172754 -0.00341459 -0.984959 -118.996 -0.027775 0.999613 0.00140612 -1.05626 0.984573 0.0276002 -0.172782 100.864
-0.182408 0.00816191 -0.983189 -121.978 -0.0299036 0.999457 0.0138449 -1.00179 0.982768 0.0319263 -0.182065 100.337
-0.194328 0.00713535 -0.980911 -124.907 -0.0249525 0.999614 0.0122147 -0.915964 0.980619 0.0268498 -0.194075 99.7793
-0.227412 0.0061125 -0.97378 -127.81 -0.0276929 0.999535 0.0127414 -0.834142 0.973405 0.0298643 -0.227137 99.1786
-0.27573 0.00804573 -0.961201 -130.59 -0.0194883 0.999713 0.0139585 -0.761437 0.961038 0.022581 -0.275494 98.4385
-0.306445 0.00857951 -0.95185 -133.313 -0.00890002 0.99989 0.0118779 -0.681938 0.951847 0.0121114 -0.306335 97.5844
-0.314884 0.00166425 -0.949129 -136.076 0.00346728 0.999994 0.000603132 -0.621606 0.949124 -0.00310098 -0.314888 96.6184
-0.30973 0.00535061 -0.950809 -138.654 0.00710708 0.999969 0.00331209 -0.575359 0.950798 -0.00573163 -0.309759 95.7794
-0.299033 0.0077469 -0.954211 -141.198 0.0124512 0.999914 0.00421595 -0.530181 0.954162 -0.0106204 -0.299103 94.9605
-0.27869 0.00373024 -0.960374 -143.704 0.0173384 0.999849 -0.00114786 -0.485764 0.960225 -0.0169713 -0.278713 94.2106
-0.266112 -0.00168337 -0.963941 -146.114 0.0253876 0.999639 -0.0087544 -0.446206 0.963608 -0.0268018 -0.265973 93.5343
-0.244691 0.0068352 -0.969577 -148.473 0.0237563 0.999717 0.00105233 -0.433221 0.96931 -0.0227761 -0.244784 92.9411
-0.198317 -0.00196603 -0.980136 -150.754 0.0215295 0.999748 -0.00636158 -0.40845 0.979901 -0.0223635 -0.198225 92.4561
-0.122392 -0.00231059 -0.992479 -153.002 0.0187089 0.999814 -0.00463484 -0.37358 0.992306 -0.0191355 -0.122326 92.1726
-0.0454025 -0.000462842 -0.998969 -155.254 -0.000164127 1 -0.000455861 -0.332723 0.998969 0.00014326 -0.0454026 92.0742
-0.0496115 -0.00998484 -0.998719 -157.449 -0.0242598 0.999667 -0.00878922 -0.304626 0.998474 0.0237926 -0.0498372 92.0431
-0.103162 -0.0142009 -0.994563 -159.583 -0.0232347 0.99966 -0.0118637 -0.297497 0.994393 0.0218846 -0.103456 91.8755
-0.168082 -0.0188777 -0.985592 -161.685 -0.0311857 0.999418 -0.0138242 -0.306862 0.98528 0.0284128 -0.168573 91.5699
-0.218762 -0.0221433 -0.975527 -163.632 -0.0228667 0.999584 -0.0175615 -0.303209 0.97551 0.0184653 -0.219177 91.1721
-0.245954 -0.0194702 -0.969086 -165.538 -0.018993 0.999703 -0.0152649 -0.289156 0.969095 0.0146514 -0.246251 90.7119
-0.249873 -0.0202728 -0.968066 -167.424 -0.0174003 0.999713 -0.0164442 -0.288462 0.968122 0.0127357 -0.250154 90.2159
-0.268508 -0.0198552 -0.963073 -169.338 -0.0280022 0.999526 -0.0127996 -0.283378 0.96287 0.0235314 -0.268936 89.7162
-0.29239 -0.0163388 -0.95616 -171.381 -0.0262261 0.999615 -0.00906157 -0.286147 0.95594 0.0224268 -0.292706 89.115
-0.3102 -0.0153636 -0.950547 -173.506 -0.0171992 0.999796 -0.0105469 -0.288182 0.950516 0.0130771 -0.310401 88.426
-0.321 -0.0240966 -0.946773 -175.722 -0.0157111 0.999674 -0.0201162 -0.306614 0.946949 0.00841756 -0.321274 87.6805
-0.320266 -0.0203197 -0.94711 -177.904 -0.0120515 0.999776 -0.0173744 -0.316464 0.947251 0.00584962 -0.32044 86.9343
-0.309546 -0.0198189 -0.950678 -180.022 -0.0116219 0.999787 -0.0170586 -0.326226 0.950814 0.00576824 -0.30971 86.2294
-0.294667 -0.0182343 -0.955426 -182.063 -0.0102087 0.999821 -0.015933 -0.336527 0.955545 0.00505871 -0.2948 85.6203
-0.267295 -0.0290791 -0.963176 -183.902 -0.00790716 0.999577 -0.0279837 -0.329929 0.963582 0.00013609 -0.267411 85.0888
-0.207376 -0.0250589 -0.97794 -185.522 -0.006862 0.999685 -0.0241609 -0.348054 0.978237 0.00170022 -0.207483 84.7522
-0.0985022 -0.0239498 -0.994849 -187.086 -0.00705395 0.999702 -0.0233682 -0.340089 0.995112 0.00471579 -0.0986418 84.532
0.0274457 -0.0332399 -0.99907 -188.614 -0.0209712 0.999208 -0.0338206 -0.371777 0.999403 0.0218799 0.0267269 84.5925
0.160392 -0.0379946 -0.986322 -190.128 -0.0165709 0.999014 -0.0411782 -0.401658 0.986914 0.0229489 0.159604 84.8702
0.318516 -0.0284404 -0.947491 -191.574 -0.0165293 0.999231 -0.0355501 -0.431326 0.947773 0.0269847 0.317801 85.3664
0.492525 -0.0169515 -0.870133 -193.055 -0.00390187 0.999757 -0.0216854 -0.495734 0.87029 0.0140757 0.492339 86.2039
0.654156 -0.0141246 -0.756227 -194.506 -0.00586909 0.999701 -0.023749 -0.516202 0.756336 0.0199739 0.653878 87.4114
0.78475 -0.0159808 -0.619607 -195.941 0.00252453 0.999742 -0.0225878 -0.560651 0.619808 0.0161616 0.784587 89.0539
0.865019 -0.0155011 -0.5015 -197.235 0.00284136 0.999658 -0.025998 -0.596374 0.501732 0.0210638 0.864767 91.1355
0.905083 -0.0227458 -0.424627 -198.467 0.0107114 0.999471 -0.030707 -0.654123 0.425101 0.023244 0.904848 93.587
0.93182 -0.0279863 -0.361839 -199.597 0.0188132 0.999407 -0.0288505 -0.734896 0.362432 0.0200761 0.931794 96.3716
0.942133 -0.0209981 -0.334581 -200.656 0.010554 0.9994 -0.0330029 -0.785261 0.335073 0.027562 0.941789 99.4894
0.9421 -0.0281591 -0.334148 -201.802 0.0196729 0.999393 -0.0287543 -0.873471 0.334755 0.0205158 0.942082 102.719
0.941177 -0.02841 -0.336718 -203.015 0.017872 0.99925 -0.0343551 -0.929245 0.337442 0.0263163 0.940978 106.147
0.940907 -0.0361559 -0.336729 -204.257 0.0242008 0.998921 -0.0396349 -1.02061 0.337799 0.0291436 0.940767 109.591
0.941133 -0.0431581 -0.335269 -205.489 0.031829 0.998724 -0.0392153 -1.116 0.336534 0.0262355 0.941306 113.001
0.942597 -0.0466531 -0.330656 -206.702 0.0355869 0.998588 -0.0394463 -1.20823 0.33203 0.0254149 0.942927 116.423
0.945343 -0.0428621 -0.323247 -207.886 0.0316978 0.998708 -0.0397265 -1.29749 0.324532 0.0273089 0.94548 119.852
0.946701 -0.0485134 -0.31844 -209.067 0.0369648 0.998425 -0.042213 -1.3847 0.319986 0.0281921 0.947003 123.34
0.948602 -0.0479939 -0.31281 -210.193 0.0363931 0.99842 -0.0428229 -1.46199 0.314371 0.0292378 0.94885 126.732
0.952071 -0.0495339 -0.301838 -211.195 0.0377853 0.998288 -0.0446422 -1.55772 0.303533 0.0310975 0.952313 129.933
0.955206 -0.0465283 -0.29226 -212.111 0.0354812 0.998445 -0.0429894 -1.62175 0.293806 0.030694 0.955372 132.926
0.960218 -0.0482053 -0.27506 -212.879 0.0368224 0.998244 -0.0464013 -1.69711 0.276813 0.034427 0.960307 135.546
0.961941 -0.0441438 -0.269667 -213.478 0.0341641 0.99855 -0.0415918 -1.74715 0.271112 0.0307959 0.962055 137.8
0.963175 -0.0408691 -0.26575 -214.002 0.0318706 0.998766 -0.0380872 -1.77987 0.266979 0.028215 0.963289 139.757
0.969234 -0.0456685 -0.241868 -214.493 0.037948 0.998613 -0.0364856 -1.8081 0.243199 0.0261847 0.969623 141.595
0.986099 -0.044064 -0.160208 -214.819 0.0395189 0.998724 -0.0314478 -1.84951 0.161389 0.0246794 0.986582 143.393
0.998938 -0.0401708 -0.0225674 -214.861 0.0394362 0.998706 -0.0321023 -1.86261 0.0238278 0.0311782 0.99923 145.093
0.987032 -0.0255461 0.158475 -214.578 0.0307735 0.999057 -0.0306196 -1.89059 -0.157544 0.0350994 0.986888 146.709
0.932232 -0.0205581 0.361276 -214.025 0.0356491 0.998746 -0.0351556 -1.90323 -0.3601 0.0456523 0.931796 148.151
0.826752 -0.0066629 0.562527 -213.141 0.0299051 0.999037 -0.0321187 -1.9213 -0.561771 0.0433767 0.826155 149.415
0.671285 -0.00585731 0.741176 -212.051 0.0414772 0.998699 -0.0296735 -1.92598 -0.740038 0.0506613 0.670654 150.427
0.487864 0.00448423 0.872908 -210.8 0.033098 0.999173 -0.0236312 -1.93689 -0.872292 0.0404204 0.487312 151.096
0.306365 0.00177334 0.951912 -209.398 0.021698 0.999725 -0.00884574 -1.93338 -0.951667 0.0233646 0.306243 151.524
0.177389 -0.00249196 0.984138 -207.876 0.0326135 0.999462 -0.00334775 -1.94979 -0.9836 0.03269 0.177375 151.825
0.108778 0.0044411 0.994056 -206.158 0.0186769 0.999804 -0.00651057 -1.93361 -0.993891 0.0192741 0.108674 151.992
0.0408626 -0.00838531 0.99913 -204.184 0.0327308 0.999439 0.00704928 -1.94054 -0.998629 0.0324143 0.0411142 152.117
-0.0059451 -8.01781e-05 0.999982 -201.873 0.0138354 0.999904 0.000162426 -1.89806 -0.999887 0.0138362 -0.00594343 152.045
-0.0203159 0.000625796 0.999793 -199.257 0.00457224 0.999989 -0.00053301 -1.88393 -0.999783 0.00456047 -0.0203186 151.987
0.00593935 0.00174113 0.999981 -196.365 -0.0132004 0.999911 -0.0016626 -1.86875 -0.999895 -0.0131903 0.00596181 151.916
0.0427169 0.00180753 0.999086 -193.204 -0.0219996 0.999758 -0.000868132 -1.84912 -0.998845 -0.0219424 0.0427463 151.973
0.0853033 0.00807517 0.996322 -189.76 -0.0258335 0.999649 -0.00589032 -1.8282 -0.99602 -0.025236 0.085482 152.201
0.11632 0.0103957 0.993157 -186.202 -0.0221688 0.999723 -0.007868 -1.80219 -0.992964 -0.0211019 0.116518 152.57
0.124494 0.00841675 0.992185 -182.656 -0.0168276 0.999838 -0.00637024 -1.79209 -0.992078 -0.015903 0.124615 153.001
0.128511 0.00680799 0.991685 -179.039 -0.0145512 0.999882 -0.0049786 -1.75216 -0.991601 -0.0137903 0.128595 153.444
0.128317 0.00523948 0.991719 -175.487 -0.0105449 0.999937 -0.00391851 -1.73418 -0.991677 -0.00995473 0.128364 153.877
0.123593 0.0108299 0.992274 -171.945 -0.0137495 0.999863 -0.00920013 -1.69157 -0.992238 -0.0125062 0.123725 154.301
0.122555 0.00787126 0.99243 -168.351 -0.0168372 0.999841 -0.00585081 -1.6509 -0.992319 -0.0159927 0.122668 154.738
0.127649 0.0103862 0.991765 -164.807 -0.0188757 0.99979 -0.00804073 -1.63203 -0.99164 -0.0176939 0.127819 155.159
0.131692 0.00927889 0.991247 -161.32 -0.016883 0.999832 -0.00711626 -1.59401 -0.991147 -0.0157981 0.131827 155.609
0.135472 0.00987785 0.990732 -157.832 -0.0156735 0.999847 -0.00782553 -1.56491 -0.990657 -0.0144681 0.135606 156.068
0.134761 0.00633593 0.990858 -154.285 -0.0149806 0.999878 -0.00435619 -1.55134 -0.990765 -0.0142566 0.134839 156.548
0.140559 0.00584391 0.990055 -150.75 -0.0122431 0.999916 -0.00416395 -1.51019 -0.989997 -0.0115361 0.140619 157.001
0.144398 0.00610674 0.989501 -147.118 -0.00960109 0.999943 -0.00477009 -1.47358 -0.989473 -0.0088115 0.144448 157.544
0.14118 0.00579756 0.989967 -143.471 -0.0128621 0.999909 -0.00402151 -1.45598 -0.9899 -0.0121652 0.141242 158.047
0.124206 0.0048389 0.992245 -139.721 -0.00834622 0.999958 -0.00383176 -1.40023 -0.992221 -0.00780556 0.124242 158.521
0.104913 0.0025179 0.994478 -135.863 -0.00770256 0.999969 -0.00171922 -1.38175 -0.994452 -0.00747966 0.104929 158.918
0.101293 -0.00341872 0.994851 -132 -0.00971838 0.999943 0.00442571 -1.32796 -0.994809 -0.0101166 0.101254 159.304
0.0981727 0.00463379 0.995159 -128.079 -0.0058628 0.999974 -0.00407785 -1.27375 -0.995152 -0.00543408 0.0981974 159.673
0.098207 0.00448801 0.995156 -124.187 -0.00721987 0.999967 -0.00379721 -1.22333 -0.99514 -0.00681198 0.0982361 160.002
0.0958942 0.00231598 0.995389 -120.282 -0.0120862 0.999926 -0.00116218 -1.16921 -0.995318 -0.011919 0.0959151 160.36
0.0971336 0.00151337 0.99527 -116.355 -0.0112711 0.999936 -0.000420462 -1.13714 -0.995208 -0.011177 0.0971445 160.712
0.0961542 0.00298859 0.995362 -112.45 -0.0137408 0.999904 -0.00167484 -1.07378 -0.995272 -0.0135161 0.0961861 161.054
0.0968958 0.00543832 0.99528 -108.537 -0.0117494 0.999922 -0.00431982 -1.03339 -0.995225 -0.0112753 0.0969521 161.425
0.0945635 0.00643439 0.995498 -104.677 -0.0136727 0.999893 -0.00516402 -0.995044 -0.995425 -0.0131228 0.0946413 161.755
0.098301 -0.000508182 0.995157 -100.841 -0.0215932 0.999763 0.0026435 -0.952277 -0.994922 -0.0217485 0.0982668 162.074
0.105273 0.00383157 0.994436 -96.9682 -0.0216707 0.999764 -0.001558 -0.895166 -0.994207 -0.0213861 0.105331 162.455
0.114706 0.00442563 0.99339 -93.1199 -0.0234483 0.999724 -0.00174629 -0.842871 -0.993123 -0.023093 0.114778 162.86
0.118101 -0.000495452 0.993001 -89.2346 -0.0250054 0.999681 0.00347275 -0.796862 -0.992687 -0.0252405 0.118051 163.294
0.117135 -0.00105239 0.993115 -85.3592 -0.0179959 0.999833 0.00318207 -0.704233 -0.992953 -0.0182447 0.117097 163.743
0.115527 0.00526159 0.99329 -81.4035 -0.0149837 0.999881 -0.0035538 -0.662356 -0.993191 -0.0144726 0.115592 164.158
0.116455 -0.00430985 0.993187 -77.4929 -0.0110268 0.999923 0.00563202 -0.604583 -0.993135 -0.0116075 0.116399 164.597
0.113936 -0.000385302 0.993488 -73.5006 -0.0103951 0.999945 0.00157994 -0.550084 -0.993434 -0.0105074 0.113925 165.035
0.101265 -0.00106669 0.994859 -69.5396 -0.00565506 0.999983 0.0016478 -0.476852 -0.994843 -0.00579286 0.101257 165.467
0.0921789 -0.00194536 0.995741 -65.5659 -0.00615907 0.999978 0.00252381 -0.42523 -0.995723 -0.00636548 0.0921649 165.819
0.0864322 -0.00162963 0.996256 -61.5465 -0.00900756 0.999957 0.00241715 -0.367332 -0.996217 -0.00918276 0.0864138 166.16
0.0862932 -0.0027747 0.996266 -57.5336 -0.00683093 0.999971 0.00337669 -0.293217 -0.996246 -0.0070968 0.0862717 166.473
0.0800762 -0.00274789 0.996785 -53.5245 -0.00282623 0.999992 0.00298377 -0.218641 -0.996785 -0.00305607 0.0800677 166.784
0.0703841 -0.0083894 0.997485 -49.5654 0.00199464 0.999964 0.0082695 -0.171272 -0.997518 0.00140758 0.0703983 167.089
0.0635746 -0.00639812 0.997957 -45.6651 0.0037262 0.999974 0.00617368 -0.0458268 -0.99797 0.0033261 0.0635967 167.303
0.0611702 -0.00728532 0.998101 -41.7817 0.00404559 0.999967 0.007051 0.0421531 -0.998119 0.0036066 0.0611976 167.485
0.0620863 -0.003909 0.998063 -38.027 -2.46163e-05 0.999992 0.00391809 0.0898364 -0.998071 -0.000267828 0.0620857 167.717
0.0528012 -0.00167251 0.998604 -34.2605 -0.00331793 0.999993 0.00185028 0.200371 -0.9986 -0.003411 0.0527953 167.927
0.0452567 -0.00406629 0.998967 -30.7593 -0.0032801 0.999986 0.00421904 0.259315 -0.99897 -0.00346766 0.0452427 168.072
0.0397348 -0.00272738 0.999207 -27.3331 -0.00573608 0.999979 0.0029576 0.343555 -0.999194 -0.00584905 0.0397183 168.186
0.0445993 -0.0022984 0.999002 -24.1622 -0.0139288 0.999899 0.0029223 0.410646 -0.998908 -0.0140452 0.0445627 168.284
0.0553791 -0.00498053 0.998453 -21.1208 -0.0102794 0.999932 0.00555805 0.462532 -0.998412 -0.0105713 0.0553241 168.414
0.0670438 -0.00458066 0.99774 -18.2029 -0.0121129 0.999912 0.00540457 0.511387 -0.997677 -0.0124479 0.0669824 168.579
0.0715948 -0.00265705 0.99743 -15.4309 -0.0100219 0.999944 0.00338311 0.585222 -0.997383 -0.0102384 0.0715641 168.763
0.0772352 0.00210972 0.997011 -12.8082 -0.0111161 0.999937 -0.00125479 0.633955 -0.996951 -0.0109859 0.0772538 168.949
0.0930437 0.00154355 0.995661 -10.4242 -0.002502 0.999996 -0.00131646 0.687339 -0.995659 -0.00236865 0.0930472 169.139
0.10987 0.00413254 0.993937 -8.38847 -0.00496957 0.999981 -0.00360834 0.713392 -0.993934 -0.00454299 0.109888 169.358
0.141474 0.000795674 0.989942 -6.53083 0.000868291 0.999999 -0.000927847 0.752379 -0.989942 0.000990824 0.141474 169.586
0.196395 -0.00462748 0.980514 -4.80307 0.00762062 0.999966 0.00319289 0.776033 -0.980495 0.00684506 0.196423 169.917
0.268922 -0.00431863 0.963152 -3.32758 0.0123292 0.999923 0.00104106 0.810919 -0.963083 0.011595 0.268955 170.298
0.361056 -0.0143704 0.932433 -2.06568 0.0237231 0.999699 0.00622106 0.844304 -0.932242 0.019874 0.361288 170.801
0.474292 -0.00681044 0.880341 -0.873598 0.0278852 0.999585 -0.0072905 0.849357 -0.879926 0.0280063 0.474285 171.433
0.596825 -0.0180938 0.802168 0.170193 0.0344638 0.999401 -0.00309895 0.858925 -0.801631 0.0294952 0.597091 172.198
0.720422 -0.0292558 0.692919 1.13589 0.0342398 0.999392 0.00659654 0.844245 -0.69269 0.0189731 0.720986 173.146
0.830674 -0.030623 0.555916 1.97905 0.0414345 0.999118 -0.00687614 0.864469 -0.555215 0.0287459 0.83121 174.386
0.914083 -0.0312785 0.404319 2.70444 0.0373039 0.999279 -0.0070315 0.864582 -0.403808 0.0215101 0.914591 175.923
0.969925 -0.0227681 0.242337 3.27146 0.0274591 0.999495 -0.0159968 0.842382 -0.241851 0.0221701 0.97006 177.832
0.994934 -0.0218718 0.0981262 3.57585 0.0233558 0.999629 -0.0140004 0.802833 -0.0977836 0.0162213 0.995075 180.076
0.999424 -0.0318274 0.0117689 3.64307 0.0320205 0.999349 -0.0165966 0.792994 -0.0112331 0.0169639 0.999793 182.574
0.999122 -0.0388392 -0.0157151 3.58306 0.0385024 0.999034 -0.0211917 0.758419 0.016523 0.020568 0.999652 185.335
0.998974 -0.0430861 -0.0139334 3.53943 0.0427735 0.998842 -0.0220029 0.70664 0.0148653 0.0213844 0.999661 188.306
0.99902 -0.0442419 -0.0015683 3.53236 0.0442101 0.998886 -0.0164775 0.676627 0.00229555 0.016392 0.999863 191.485
0.999023 -0.043522 0.0077093 3.61131 0.0437155 0.998679 -0.0270206 0.649811 -0.00652312 0.0273312 0.999605 194.817
0.999251 -0.0376762 0.00880388 3.64641 0.037882 0.998982 -0.0245051 0.605116 -0.00787166 0.0248202 0.999661 198.061
0.999082 -0.0396564 0.0162102 3.68388 0.040113 0.998778 -0.028884 0.555995 -0.0150449 0.0295077 0.999451 201.348
0.998949 -0.0401961 0.0220476 3.76672 0.0409386 0.998572 -0.0343261 0.502078 -0.0206363 0.0351926 0.999167 204.581
0.998813 -0.0391806 0.0289227 3.85227 0.0400472 0.998747 -0.0300181 0.448072 -0.0277103 0.0311408 0.999131 207.801
0.999077 -0.0347651 0.0252252 3.96411 0.0356568 0.998723 -0.0358038 0.410832 -0.0239483 0.0366703 0.99904 210.841
0.999034 -0.0333444 0.028637 4.04755 0.0342327 0.998929 -0.031113 0.356459 -0.0275689 0.0320633 0.999106 213.721
0.998784 -0.0314639 0.0379571 4.14798 0.0328685 0.998776 -0.036966 0.324115 -0.0367476 0.0381687 0.998595 216.278
0.998385 -0.0331076 0.0461743 4.26048 0.0346646 0.998843 -0.0333355 0.288784 -0.0450172 0.0348823 0.998377 218.453
0.9988 -0.031248 0.037717 4.37513 0.0325246 0.998902 -0.0337213 0.263697 -0.0366218 0.0349075 0.998719 220.396
0.999484 -0.027133 -0.0171904 4.39061 0.026519 0.999036 -0.0349922 0.238479 0.0181232 0.0345182 0.99924 222.172
0.992989 -0.0260402 -0.115307 4.22895 0.0230478 0.999364 -0.0272096 0.196272 0.115942 0.0243613 0.992957 223.839
0.965757 -0.0368373 -0.256818 3.80973 0.0296652 0.999056 -0.0317466 0.166449 0.257745 0.023041 0.965938 225.467
0.908774 -0.0529705 -0.413914 3.18435 0.0389783 0.998349 -0.0421841 0.14996 0.415465 0.0222021 0.909338 226.875
0.81747 -0.0415841 -0.574468 2.34062 0.0319787 0.999129 -0.0268182 0.0721744 0.575083 0.00355227 0.818087 228.144
0.689971 -0.0234182 -0.723458 1.27985 0.000326392 0.999486 -0.0320419 0.0676475 0.723837 0.0218719 0.689624 229.304
0.527597 -0.0214921 -0.849223 -0.102585 0.0074445 0.999758 -0.0206768 -0.00737465 0.849462 0.004587 0.52763 230.234
0.347533 -0.0119896 -0.937591 -1.73349 -0.0366256 0.998982 -0.0263505 -0.00523541 0.936952 0.0434975 0.34674 230.941
0.193425 -0.00804984 -0.981082 -3.7672 -0.0299722 0.999451 -0.0141097 -0.0466507 0.980657 0.0321344 0.193078 231.375
0.0895076 -0.0202818 -0.99578 -5.99251 -0.0393194 0.998941 -0.0238805 -0.057831 0.99521 0.0412909 0.0886153 231.64
0.00443783 -0.0178233 -0.999831 -8.51876 -0.0363656 0.999177 -0.0179731 -0.115152 0.999329 0.0364392 0.00378602 231.706
-0.0426512 -0.0226107 -0.998834 -11.2908 -0.0340623 0.999196 -0.0211644 -0.137221 0.998509 0.0331199 -0.0433871 231.633
-0.0570736 -0.0265953 -0.998016 -14.2627 -0.0337305 0.999126 -0.024696 -0.177995 0.9978 0.0322541 -0.0579208 231.499
-0.0568509 -0.032009 -0.997869 -17.4538 -0.0298503 0.999094 -0.0303477 -0.228779 0.997936 0.0280614 -0.0577549 231.312
-0.0424206 -0.0302545 -0.998642 -20.4574 -0.0287136 0.999165 -0.0290507 -0.305391 0.998687 0.0274423 -0.0432539 231.168
-0.0320974 -0.0268692 -0.999124 -23.8106 -0.0306129 0.999196 -0.0258877 -0.350831 0.999016 0.0297551 -0.0328941 231.069
-0.0220007 -0.0316742 -0.999256 -27.0425 -0.0367718 0.998847 -0.0308516 -0.40962 0.999081 0.0360657 -0.02314 231.032
-0.0236141 -0.0320289 -0.999208 -30.2739 -0.0420816 0.998633 -0.031016 -0.458855 0.998835 0.0413159 -0.0249296 230.982
-0.0265279 -0.0340369 -0.999068 -33.6211 -0.0419857 0.998576 -0.0329053 -0.531051 0.998766 0.0410737 -0.0279192 230.911
-0.0316205 -0.0347258 -0.998897 -37.2615 -0.0397723 0.998648 -0.0334582 -0.558289 0.998708 0.0386705 -0.0329589 230.839
-0.0392909 -0.046131 -0.998162 -40.5063 -0.0497994 0.997783 -0.0441532 -0.634564 0.997986 0.0479731 -0.0415011 230.74
-0.0398881 -0.0366746 -0.998531 -43.6441 -0.0397952 0.998592 -0.0350871 -0.723625 0.998411 0.0383372 -0.0412914 230.613
-0.0443154 -0.0425342 -0.998112 -46.8334 -0.0400413 0.998366 -0.0407672 -0.785543 0.998215 0.038159 -0.0459461 230.503
-0.0498336 -0.0395166 -0.997975 -49.9111 -0.0416936 0.998428 -0.0374525 -0.863071 0.997887 0.0397428 -0.0514028 230.367
-0.0450895 -0.0431498 -0.998051 -53.0608 -0.0413897 0.99829 -0.0412903 -0.937434 0.998125 0.0394473 -0.0467983 230.236
-0.0452317 -0.0394758 -0.998196 -56.025 -0.0458712 0.998247 -0.0373993 -1.01268 0.997923 0.0440969 -0.0469633 230.126
-0.0467503 -0.0355987 -0.998272 -58.9728 -0.0434619 0.998491 -0.0335711 -1.07678 0.997961 0.0418173 -0.0482269 229.99
-0.0425611 -0.0298946 -0.998647 -61.8938 -0.0404688 0.998784 -0.028174 -1.08858 0.998274 0.0392149 -0.0437191 229.862
-0.0347268 -0.0369436 -0.998714 -64.7674 -0.0411954 0.99852 -0.035504 -1.15262 0.998547 0.0399095 -0.0361973 229.791
-0.0389994 -0.0341718 -0.998655 -67.547 -0.0466729 0.998387 -0.0323399 -1.21527 0.998149 0.0453488 -0.0405314 229.709
-0.0419045 -0.0367695 -0.998445 -70.3492 -0.0432003 0.998455 -0.0349568 -1.26782 0.998187 0.0416683 -0.0434282 229.628
-0.0385215 -0.0333462 -0.998701 -72.9362 -0.0473183 0.998383 -0.0315104 -1.30231 0.998137 0.046043 -0.0400371 229.525
-0.0386429 -0.0343597 -0.998662 -75.5272 -0.048082 0.998315 -0.0324873 -1.34548 0.998096 0.0467623 -0.0402299 229.471
-0.0447099 -0.0365908 -0.99833 -78.0611 -0.0447636 0.998399 -0.0345886 -1.38889 0.997997 0.0431424 -0.0462762 229.363
-0.0596313 -0.033631 -0.997654 -80.5275 -0.0428342 0.998598 -0.0311026 -1.44275 0.997301 0.040879 -0.0609883 229.247
-0.0825522 -0.0321014 -0.99607 -83.1692 -0.0470612 0.998492 -0.0282792 -1.49716 0.995475 0.0445418 -0.0839384 229.034
-0.106352 -0.0346652 -0.993724 -85.9206 -0.0494596 0.998339 -0.0295329 -1.52561 0.993098 0.0460083 -0.10789 228.791
-0.126808 -0.0290029 -0.991503 -88.8104 -0.0424987 0.998813 -0.0237813 -1.59711 0.991016 0.039122 -0.12789 228.419
-0.142755 -0.035733 -0.989113 -91.9333 -0.0405224 0.998721 -0.0302317 -1.64064 0.988928 0.0357655 -0.144021 227.997
-0.145701 -0.0360767 -0.988671 -95.2691 -0.0316736 0.998993 -0.0317856 -1.72982 0.988822 0.0266836 -0.146697 227.499
-0.139651 -0.0331259 -0.989647 -98.8244 -0.0149974 0.999396 -0.031336 -1.82017 0.990087 0.010466 -0.140063 226.965
-0.119542 -0.0363019 -0.992165 -102.578 -0.0117901 0.999313 -0.0351429 -1.90547 0.992759 0.00749671 -0.119887 226.472
-0.101056 -0.0369455 -0.994194 -106.466 -0.0119701 0.999283 -0.0359178 -2.00161 0.994809 0.00827092 -0.101426 226.066
-0.0930987 -0.0255536 -0.995329 -110.685 -0.0120933 0.999626 -0.0245328 -2.07462 0.995583 0.00975285 -0.0933729 225.693
-0.0891969 -0.040524 -0.995189 -114.699 -0.00869468 0.999166 -0.0399066 -2.15262 0.995976 0.00509331 -0.0894749 225.327
-0.0853717 -0.0330988 -0.995799 -118.766 -0.00621769 0.999446 -0.032687 -2.24351 0.99633 0.00340103 -0.0855302 224.985
-0.0797794 -0.0289448 -0.996392 -122.695 -0.00830694 0.999563 -0.0283718 -2.31578 0.996778 0.00601349 -0.079985 224.693
-0.066036 -0.0366858 -0.997143 -126.62 -0.0124148 0.999277 -0.0359422 -2.38657 0.99774 0.0100058 -0.0664437 224.429
-0.0616327 -0.0404075 -0.997281 -130.545 -0.0190334 0.999046 -0.0393027 -2.44374 0.997917 0.0165593 -0.062343 224.233
-0.0638969 -0.0303177 -0.997496 -134.319 -0.020206 0.999373 -0.0290804 -2.56218 0.997752 0.0182973 -0.0644694 224.006
-0.0661047 -0.0392703 -0.99704 -138.024 -0.0220792 0.999038 -0.0378852 -2.59179 0.997568 0.0195094 -0.0669082 223.8
-0.0813927 -0.0404357 -0.995862 -141.755 -0.0244192 0.998958 -0.0385656 -2.65833 0.996383 0.0211792 -0.0822953 223.571
-0.0949441 -0.0371764 -0.994788 -145.697 -0.0242906 0.999091 -0.0350189 -2.75601 0.995186 0.0208392 -0.0957609 223.25
-0.130296 -0.0432197 -0.990533 -149.334 -0.0254602 0.998866 -0.0402342 -2.84635 0.991148 0.0199768 -0.131249 222.846
-0.168724 -0.0465034 -0.984566 -153.003 -0.0280669 0.998708 -0.0423616 -2.97617 0.985264 0.0204863 -0.169811 222.303
-0.206922 -0.0427458 -0.977423 -156.731 -0.0270471 0.998913 -0.0379597 -3.05749 0.977983 0.0185817 -0.207853 221.585
-0.243163 -0.0384698 -0.969222 -160.44 -0.0112604 0.999258 -0.0368368 -3.16467 0.96992 0.00195646 -0.243416 220.703
-0.247508 -0.0310103 -0.96839 -164.112 -0.00176037 0.9995 -0.0315566 -3.21007 0.968884 -0.00610577 -0.247439 219.729
-0.223966 -0.0400652 -0.973773 -167.819 0.0129782 0.998943 -0.0440858 -3.28235 0.97451 -0.0225116 -0.22321 218.805
-0.20401 -0.0263878 -0.978613 -171.482 0.0222089 0.999255 -0.0315743 -3.38949 0.978717 -0.0281754 -0.203272 217.999
-0.179109 -0.0371189 -0.983129 -175.163 0.0177004 0.999005 -0.040943 -3.45984 0.98367 -0.024735 -0.178273 217.315
-0.166652 -0.0298745 -0.985563 -178.781 0.0174088 0.999296 -0.0332345 -3.55173 0.985862 -0.0226961 -0.166015 216.715
-0.160175 -0.0446202 -0.98608 -182.332 0.0200829 0.998624 -0.04845 -3.60756 0.986884 -0.0275638 -0.159058 216.159
-0.163363 -0.0324269 -0.986033 -185.489 0.0203302 0.999137 -0.0362261 -3.6994 0.986357 -0.0259643 -0.162562 215.645
-0.167725 -0.0444276 -0.984832 -188.714 0.0240698 0.998502 -0.0491436 -3.78591 0.98554 -0.0319473 -0.166405 215.102
-0.169111 -0.0292058 -0.985164 -191.893 0.0333092 0.998821 -0.0353284 -3.90239 0.985034 -0.0387894 -0.167938 214.555
-0.156317 -0.0406326 -0.986871 -195.029 0.0262624 0.998629 -0.0452766 -3.95859 0.987358 -0.0329952 -0.155036 214.053
-0.139935 -0.0357988 -0.989513 -198.065 0.0274942 0.99882 -0.0400236 -4.06166 0.989779 -0.0328066 -0.138785 213.604
-0.134118 -0.0460412 -0.989895 -201.15 0.0318685 0.998203 -0.0507454 -4.13474 0.990453 -0.0383523 -0.132409 213.205
-0.132133 -0.0391812 -0.990457 -204.141 0.0129392 0.999065 -0.0412479 -4.22982 0.991147 -0.018266 -0.131503 212.856
-0.132024 -0.0523941 -0.989861 -206.694 0.00901269 0.998497 -0.0540533 -4.2885 0.991206 -0.0160576 -0.131354 212.527
-0.130887 -0.0431293 -0.990459 -208.95 0.00895207 0.998961 -0.0446825 -4.35603 0.991357 -0.014715 -0.130365 212.246
-0.130733 -0.037065 -0.990724 -210.864 0.00616725 0.999251 -0.0381978 -4.40963 0.991398 -0.0111038 -0.130407 212.011
-0.149183 -0.033156 -0.988254 -212.603 0.00601215 0.999389 -0.0344372 -4.43354 0.988791 -0.011079 -0.148892 211.775
-0.168916 -0.0374787 -0.984918 -214.157 0.00874397 0.99918 -0.0395211 -4.45377 0.985592 -0.0152878 -0.16845 211.501
-0.183716 -0.0311163 -0.982487 -215.379 0.00625852 0.999442 -0.0328235 -4.47934 0.982959 -0.0121791 -0.183419 211.258
-0.204543 -0.0336019 -0.978281 -216.595 0.00891818 0.999305 -0.0361887 -4.51389 0.978817 -0.0161266 -0.204101 211.025
-0.235129 -0.030585 -0.971483 -217.741 0.00501942 0.999453 -0.0326805 -4.52541 0.971951 -0.0125604 -0.234847 210.754
-0.288625 -0.0250572 -0.957114 -218.951 -0.000210048 0.999659 -0.0261077 -4.55441 0.957442 -0.0073343 -0.288532 210.44
-0.355344 -0.024705 -0.934409 -220.189 -0.00827619 0.999695 -0.0232838 -4.58114 0.934699 -0.000540409 -0.35544 210.005
-0.442565 -0.0232628 -0.896435 -221.484 -0.0180986 0.999692 -0.0170071 -4.59834 0.896554 0.00869749 -0.442849 209.436
-0.548976 -0.0290491 -0.835333 -222.878 -0.0278249 0.999477 -0.0164709 -4.61366 0.835375 0.014201 -0.549497 208.59
-0.661651 -0.031019 -0.74917 -224.269 -0.0301819 0.999436 -0.0147251 -4.63307 0.749204 0.0128684 -0.662214 207.454
-0.765737 -0.0371802 -0.642078 -225.653 -0.0363643 0.999233 -0.0144938 -4.65095 0.642125 0.0122502 -0.766502 205.942
-0.851373 -0.0353202 -0.523371 -226.852 -0.0367197 0.999296 -0.0077061 -4.65912 0.523274 0.0126573 -0.85207 204.122
-0.917302 -0.0390745 -0.396269 -227.884 -0.0407427 0.999161 -0.00421003 -4.6502 0.396101 0.0122832 -0.918125 202.021
-0.966487 -0.0428816 -0.253109 -228.648 -0.0404982 0.999073 -0.0146219 -4.62937 0.253501 -0.00388139 -0.967327 199.619
-0.994637 -0.0269075 -0.0998683 -229.012 -0.0268153 0.999638 -0.00226613 -4.64037 0.0998931 0.000424015 -0.994998 197.042
-0.998945 -0.0200179 0.0413191 -228.988 -0.019337 0.999672 0.0168139 -4.60414 -0.0416421 0.0159972 -0.999005 194.303
-0.98998 -0.0203025 0.139744 -228.663 -0.0188062 0.999751 0.0120196 -4.51248 -0.139953 0.00927108 -0.990115 191.296
-0.974862 -0.0221273 0.221709 -228.129 -0.0232175 0.999728 -0.00231223 -4.46097 -0.221597 -0.00740164 -0.97511 188.314
-0.957549 -0.0280848 0.286899 -227.325 -0.0286824 0.999586 0.0021205 -4.45714 -0.28684 -0.00619848 -0.957958 185.325
-0.944935 -0.0307233 0.325814 -226.308 -0.0293564 0.999527 0.00911241 -4.37377 -0.32594 -0.000954089 -0.94539 182.241
-0.938691 -0.0226856 0.344013 -225.164 -0.0194044 0.999727 0.0129783 -4.3113 -0.344214 0.00550723 -0.938875 179.077
-0.940482 -0.0175676 0.33939 -223.993 -0.0145803 0.999829 0.0113499 -4.22601 -0.339532 0.00572596 -0.940577 175.931
-0.946624 -0.00724363 0.32226 -222.865 -0.00517796 0.99996 0.00726669 -4.13898 -0.3223 0.00521017 -0.946623 172.707
-0.954675 -0.0054077 0.297603 -221.847 -0.00377996 0.999975 0.00604473 -4.05219 -0.297628 0.00464582 -0.954671 169.553
-0.960048 -0.00678681 0.279752 -220.953 -0.00645116 0.999977 0.00212056 -3.99227 -0.27976 0.000231117 -0.96007 166.476
-0.961018 -0.00735246 0.276389 -220.164 -0.0072051 0.999973 0.00154864 -3.93331 -0.276393 -0.000503137 -0.961045 163.674
-0.957564 -0.0101095 0.288043 -219.468 -0.0100695 0.999948 0.00162054 -3.87481 -0.288044 -0.00134869 -0.957616 161.226
-0.950481 -0.0102934 0.310614 -218.766 -0.00955924 0.999947 0.00388579 -3.82576 -0.310637 0.000724142 -0.950528 158.922
-0.928574 -0.00924238 0.371033 -217.996 -0.00838957 0.999957 0.00391248 -3.79536 -0.371053 0.00052022 -0.928612 156.781
-0.878627 -0.0128861 0.477335 -217.118 -0.00994308 0.999913 0.00869136 -3.73538 -0.477405 0.00289029 -0.878679 154.947
-0.78058 -0.0128228 0.624925 -215.955 -0.000720184 0.999807 0.0196155 -3.69688 -0.625056 0.0148614 -0.780438 153.368
-0.63598 -0.0141176 0.771577 -214.569 -0.00207184 0.99986 0.0165867 -3.61264 -0.771703 0.00895025 -0.63592 152.093
-0.459289 -0.0106886 0.888223 -212.982 0.00209842 0.999912 0.0131177 -3.57379 -0.888285 0.00788867 -0.459226 151.165
-0.272113 -0.011157 0.962201 -211.156 0.000410502 0.999931 0.0117105 -3.52024 -0.962265 0.00358158 -0.27209 150.543
-0.109292 -0.00297295 0.994005 -209.132 0.00195986 0.999993 0.00320634 -3.49189 -0.994008 0.00229853 -0.109285 150.262
-0.00221879 0.00278218 0.999994 -206.269 0.00217825 0.999994 -0.00277735 -2.00046 -0.999995 0.00217208 -0.00222484 150.51
0.0547484 0.00220936 0.998498 -203.868 -0.00614387 0.999979 -0.00187577 -1.98705 -0.998481 -0.00603195 0.0547608 150.614
0.0991966 0.00388464 0.99506 -201.255 -0.00527407 0.99998 -0.00337808 -1.97447 -0.995054 -0.00491292 0.0992152 150.823
0.107369 0.00233324 0.994217 -198.264 -0.0048195 0.999987 -0.0018263 -1.91752 -0.994208 -0.00459554 0.107379 151.157
0.108311 0.00148919 0.994116 -195.181 -0.0101452 0.999948 -0.000392578 -1.89576 -0.994065 -0.010043 0.108321 151.439
0.114095 0.00401984 0.993462 -191.91 -0.0135139 0.999906 -0.0024939 -1.84098 -0.993378 -0.013141 0.114138 151.813
0.122508 0.00229877 0.992465 -188.422 -0.0111991 0.999937 -0.000933691 -1.81857 -0.992404 -0.0110003 0.122526 152.225
0.133772 0.0017778 0.99101 -184.778 -0.00749967 0.999972 -0.000781526 -1.81578 -0.990984 -0.0073277 0.133782 152.712
0.133844 0.000452096 0.991002 -180.968 -0.010159 0.999948 0.000915889 -1.78404 -0.99095 -0.0101901 0.133842 153.196
0.130927 0.000736627 0.991392 -177.196 -0.0107323 0.999942 0.000674364 -1.70828 -0.991334 -0.0107282 0.130927 153.664
0.130669 0.00149207 0.991425 -173.373 -0.0123448 0.999924 0.000122171 -1.68054 -0.991349 -0.0122549 0.130677 154.132
0.13295 -0.000681383 0.991123 -169.562 -0.0136259 0.999904 0.0025152 -1.61362 -0.991029 -0.0138393 0.132928 154.624
0.131248 0.000933298 0.991349 -165.857 -0.0124679 0.999922 0.000709306 -1.59769 -0.991271 -0.0124532 0.13125 155.087
0.131824 -0.000540302 0.991273 -162.185 -0.0169603 0.999852 0.00280044 -1.51877 -0.991128 -0.0171814 0.131796 155.557
0.133804 0.00155658 0.991007 -158.485 -0.0151642 0.999885 0.000476923 -1.5124 -0.990892 -0.0150916 0.133813 156.045
