0.999998 -0.00173999 -0.000533789 0.564002 0.00173906 0.999997 -0.00174089 0.00221357 0.000536817 0.00173996 0.999998 0.0148857
0.999994 -0.00296598 -0.00176094 1.1251 0.00296162 0.999993 -0.00247238 0.0032945 0.00176826 0.00246715 0.999995 0.0283707
0.999913 -0.0113209 -0.00669857 3.94157 0.011263 0.999899 -0.00862683 0.0277819 0.00679556 0.00855064 0.99994 0.0767116
0.999861 -0.0138265 -0.00926976 5.11197 0.0137467 0.999868 -0.00861336 0.0475445 0.00938763 0.00848473 0.99992 0.105599
0.999703 -0.0176841 -0.0167911 6.94041 0.0176261 0.999838 -0.0035968 0.0977543 0.016852 0.00329977 0.999853 0.146362
0.999804 -0.0197726 -0.000905875 8.2472 0.0197724 0.999804 -0.0001987 0.135053 0.000909627 0.00018075 1 0.158694
0.999691 -0.0241109 -0.00610242 10.9998 0.0241378 0.999699 0.00436133 0.215039 0.00599543 -0.00450728 0.999972 0.188265
0.999588 -0.0266254 0.0107243 13.2618 0.0266097 0.999645 0.00160265 0.28566 -0.0107632 -0.00131662 0.999941 0.194707
0.999557 -0.0274168 0.011552 15.6669 0.0274491 0.99962 -0.00264404 0.345404 -0.0114751 0.00295996 0.99993 0.193969
0.999677 -0.0252131 -0.00309928 18.1994 0.0251956 0.999667 -0.00557779 0.418412 0.00323888 0.0054979 0.99998 0.186765
0.999672 -0.023938 -0.00908842 20.9023 0.0239167 0.999711 -0.00244439 0.505552 0.0091443 0.00222622 0.999956 0.225461
0.999637 -0.0237966 -0.0126093 23.722 0.0238584 0.999704 0.00477203 0.59683 0.012492 -0.00507113 0.999909 0.278914
0.99963 -0.0241067 -0.0125601 26.6521 0.024209 0.999674 0.00805919 0.689396 0.0123618 -0.00836028 0.999889 0.340656
0.999644 -0.0249324 -0.00950885 28.6508 0.0250226 0.999642 0.00948797 0.747783 0.00926889 -0.00972253 0.99991 0.382529
0.999627 -0.0255912 -0.00958855 31.6941 0.0256924 0.999614 0.0105844 0.848281 0.00931398 -0.0108268 0.999898 0.444326
0.999626 -0.0266072 -0.00626434 33.772 0.0266757 0.999582 0.0111267 0.908561 0.00596567 -0.0112896 0.999918 0.479571
0.999616 -0.0276916 -0.000193873 35.8932 0.027692 0.999557 0.0109252 0.969682 -0.000108748 -0.0109263 0.99994 0.51092
0.999566 -0.0294475 -0.000891219 39.1095 0.0294554 0.999508 0.0107627 1.07626 0.000573848 -0.0107842 0.999942 0.553697
0.999516 -0.0310228 0.00220322 41.2593 0.0309969 0.99946 0.0109395 1.15522 -0.00254141 -0.0108659 0.999938 0.580089
0.999463 -0.0326872 0.00218011 44.4799 0.0326623 0.99941 0.0106091 1.27161 -0.00252561 -0.0105322 0.999941 0.617766
0.999467 -0.032554 -0.00253444 46.6349 0.0325889 0.999353 0.0152 1.36211 0.00203798 -0.0152745 0.999881 0.64646
0.999464 -0.0326019 0.0031144 49.8942 0.0325555 0.999372 0.0139563 1.48111 -0.00356745 -0.0138474 0.999898 0.681856
0.999491 -0.0318702 0.00154873 52.0416 0.0318497 0.999423 0.0118327 1.55514 -0.00192495 -0.0117774 0.999929 0.707816
0.999491 -0.0313224 -0.00599154 55.2767 0.0313811 0.999458 0.00997061 1.67026 0.00567599 -0.0101536 0.999932 0.757917
0.999508 -0.0308546 -0.00568431 57.4372 0.0309059 0.99948 0.00917581 1.74079 0.00539824 -0.00934697 0.999942 0.805319
0.999521 -0.0303791 0.00582415 59.6066 0.0303406 0.999518 0.00659586 1.81176 -0.00602172 -0.00641599 0.999961 0.829436
0.999535 -0.0300787 0.00490724 61.7704 0.0300766 0.999547 0.000494384 1.87929 -0.00491989 -0.000346561 0.999988 0.855379
0.999535 -0.0299689 -0.00559778 65.0234 0.0299744 0.99955 0.000892677 1.98977 0.00556851 -0.00106005 0.999984 0.904587
0.999585 -0.0286141 -0.00344384 67.1929 0.028644 0.999549 0.00897236 2.07099 0.00318555 -0.00906727 0.999954 0.935264
0.99959 -0.0286277 0.000542917 70.4638 0.0286223 0.999557 0.00817676 2.17973 -0.000776758 -0.00815787 0.999966 0.980795
0.999555 -0.0295347 0.00423939 72.6532 0.0295109 0.999549 0.0055657 2.24913 -0.00440185 -0.00543811 0.999976 1.00989
0.999501 -0.0315209 0.00194271 75.9078 0.0315139 0.999497 0.0035349 2.35406 -0.00205316 -0.00347191 0.999992 1.05438
0.999462 -0.0327795 0.00138983 78.0551 0.0327695 0.99944 0.00670609 2.43794 -0.00160887 -0.00665694 0.999977 1.08261
0.999343 -0.0346935 0.0104817 81.2736 0.0346016 0.999362 0.00882867 2.56473 -0.0107813 -0.00846019 0.999906 1.10757
0.999298 -0.0366039 0.00803719 84.4307 0.0365327 0.999293 0.0088307 2.69072 -0.00835475 -0.00853087 0.999929 1.13111
0.999225 -0.0380387 0.0101204 86.4842 0.0379683 0.999254 0.00705557 2.77736 -0.0103813 -0.00666585 0.999924 1.15396
0.999037 -0.0414933 0.0142764 89.4521 0.0414331 0.999131 0.00448862 2.91228 -0.0144502 -0.00389278 0.999888 1.17547
0.99861 -0.0510247 0.0131785 92.1794 0.0509813 0.998693 0.00360787 3.04971 -0.0133454 -0.002931 0.999907 1.20058
0.998069 -0.0598159 0.0167321 94.7001 0.0597182 0.998196 0.00627915 3.2167 -0.0170775 -0.00526781 0.99984 1.21813
0.99755 -0.0678012 0.017212 96.9664 0.0676284 0.997656 0.0104293 3.38129 -0.0178788 -0.00923977 0.999797 1.23131
0.997172 -0.0748067 0.00717836 98.9708 0.0746832 0.997076 0.0161554 3.5493 -0.00836591 -0.0155736 0.999844 1.24823
0.997352 -0.072328 0.0075983 100.707 0.0721209 0.99709 0.0246937 3.70388 -0.00936223 -0.0240803 0.999666 1.27578
0.998169 -0.0594587 0.0111045 101.739 0.0591264 0.997853 0.0281776 3.78025 -0.012756 -0.0274695 0.999541 1.28325
0.999824 -0.00939883 0.0162541 103.544 0.00898087 0.999632 0.0255987 3.83065 -0.0164887 -0.0254482 0.99954 1.29399
0.998516 0.0540804 0.0063767 104.74 -0.0542075 0.998291 0.0218168 3.77255 -0.00518594 -0.0221301 0.999742 1.30347
0.989751 0.142787 0.00199702 105.873 -0.142801 0.989637 0.0150319 3.6022 0.000170041 -0.0151631 0.999885 1.31624
0.966865 0.255289 -0.000331333 106.929 -0.25528 0.96684 0.00732853 3.30062 0.00219124 -0.00700112 0.999973 1.34094
0.903782 0.42798 0.00348228 108.215 -0.427993 0.903736 0.00912627 2.73156 0.000758794 -0.00973855 0.999952 1.36599
0.800755 0.598986 -0.00286429 109.308 -0.598906 0.800711 0.0131745 1.93136 0.0101848 -0.00883414 0.999909 1.40122
0.693548 0.720409 -0.00144027 110.032 -0.720177 0.693373 0.0240786 1.20153 0.0183451 -0.0156624 0.999709 1.40484
0.565541 0.824714 0.00335884 110.636 -0.824636 0.56542 0.016612 0.293165 0.011801 -0.0121646 0.999856 1.4426
0.368439 0.929574 0.0120535 111.24 -0.929627 0.368304 0.0120466 -1.11042 0.00675891 -0.0156437 0.999855 1.48634
0.231389 0.972834 0.00728648 111.523 -0.972711 0.231216 0.0192944 -2.37504 0.0170855 -0.0115522 0.999787 1.48013
0.13641 0.990652 0.000831373 111.729 -0.990509 0.136376 0.0171343 -3.73658 0.0168608 -0.00316077 0.999853 1.54109
0.0645512 0.997862 0.0102038 111.855 -0.997891 0.0644757 0.0075647 -5.24326 0.00689063 -0.0106706 0.999919 1.54614
0.012216 0.999916 -0.00439734 111.868 -0.99983 0.0122754 0.0137457 -6.90668 0.0137985 0.00422868 0.999896 1.58969
-0.009842 0.999928 -0.00686512 111.876 -0.999827 -0.00973228 0.0158374 -8.76623 0.0157695 0.00701981 0.999851 1.60351
-0.00610786 0.999967 -0.00535279 111.874 -0.999892 -0.00603586 0.0133653 -10.7783 0.0133326 0.00543385 0.999896 1.65665
-0.00351 0.999987 -0.00367801 111.871 -0.999879 -0.00345375 0.0151892 -12.2188 0.0151763 0.00373088 0.999878 1.68566
-0.00242384 0.999995 -0.00208962 111.906 -0.999923 -0.00239822 0.0121808 -14.4777 0.0121757 0.00211899 0.999924 1.7347
-0.0057257 0.999983 0.00101337 111.924 -0.999957 -0.00573295 0.00730408 -16.8212 0.00730976 -0.00097151 0.999973 1.77628
-0.00771106 0.999967 -0.00241854 111.91 -0.999967 -0.0077047 0.00263169 -18.4518 0.00261297 0.00243875 0.999994 1.80711
-0.00974616 0.999952 0.00129664 111.9 -0.999936 -0.00975334 0.00565525 -20.0995 0.00566763 -0.00124144 0.999983 1.83752
-0.0132174 0.999906 0.00358276 111.891 -0.999864 -0.0132522 0.00986605 -22.6039 0.0099126 -0.00345187 0.999945 1.88287
-0.0144345 0.999865 0.00790225 111.882 -0.999895 -0.0144437 0.00110917 -24.3135 0.00122316 -0.00788542 0.999968 1.90923
-0.0142611 0.999804 0.0137187 111.868 -0.999883 -0.0141826 -0.00580373 -26.0223 -0.00560803 -0.0137998 0.999889 1.92791
-0.0115001 0.999907 0.00734952 111.839 -0.999813 -0.0116126 0.015448 -28.5128 0.0155319 -0.00717049 0.999854 1.97828
-0.0091102 0.999957 0.00153141 111.823 -0.999958 -0.0091104 0.000123589 -31.0114 0.000137536 -0.00153022 0.999999 2.02894
-0.0101497 0.999935 0.00522577 111.823 -0.999948 -0.0101538 0.000770711 -32.6466 0.000823722 -0.00521768 0.999986 2.06538
-0.0163974 0.999827 0.0087309 111.807 -0.999865 -0.0164084 0.00119559 -35.0676 0.00133865 -0.00871011 0.999961 2.10906
-0.0205297 0.999719 0.0118267 111.792 -0.999789 -0.020534 0.000237441 -36.6692 0.000480225 -0.0118194 0.99993 2.13137
-0.0262806 0.999581 0.0121061 111.743 -0.999655 -0.0262808 -0.000141087 -39.0307 0.000177129 -0.0121056 0.999927 2.17462
-0.0286152 0.999542 0.00984069 111.706 -0.99959 -0.0286048 -0.00120075 -40.5815 -0.00091871 -0.00987102 0.999951 2.19903
-0.0325346 0.999393 0.0124235 111.651 -0.999465 -0.0324919 -0.00362381 -42.8577 -0.00321795 -0.0125348 0.999916 2.23885
-0.0342534 0.99934 0.0120953 111.588 -0.999411 -0.0342238 -0.00264419 -45.0098 -0.00222849 -0.0121787 0.999923 2.26905
-0.0346508 0.999295 0.0144705 111.553 -0.999397 -0.0346761 0.00149959 -46.4146 0.00200032 -0.0144098 0.999894 2.29503
-0.0349388 0.999306 0.0129298 111.493 -0.999388 -0.0349611 0.0014975 -48.4899 0.0019485 -0.0128695 0.999915 2.33598
-0.0348645 0.999221 0.0184936 111.462 -0.999389 -0.0349003 0.00161419 -49.8466 0.00225836 -0.018426 0.999828 2.3584
-0.0395923 0.998977 0.0218522 111.401 -0.999216 -0.0395736 -0.00128507 -51.8723 -0.000418983 -0.021886 0.99976 2.39344
-0.0508033 0.998525 0.019169 111.354 -0.998703 -0.0508568 0.00231794 -53.2036 0.0032894 -0.0190264 0.999814 2.41206
-0.0650035 0.997678 0.0203081 111.275 -0.997859 -0.0651355 0.00590912 -54.5422 0.00721818 -0.0198805 0.999776 2.4385
-0.0808579 0.996392 0.0257757 111.138 -0.996706 -0.0809926 0.004222 -56.5834 0.00629441 -0.0253494 0.999659 2.4799
-0.0875836 0.995734 0.0290455 111.026 -0.996153 -0.0876341 0.000467411 -57.986 0.0030108 -0.0288929 0.999578 2.4913
-0.0910391 0.995487 0.0267793 110.9 -0.995842 -0.0909212 -0.00559015 -59.4185 -0.00313012 -0.0271768 0.999626 2.51189
-0.0927867 0.995506 0.0189153 110.695 -0.995678 -0.092847 0.00233567 -61.5934 0.0040814 -0.0186168 0.999818 2.51627
-0.0941117 0.99549 0.011984 110.548 -0.995527 -0.0942025 0.00725585 -63.0809 0.00835204 -0.0112475 0.999902 2.55617
-0.0946332 0.995423 0.0133309 110.417 -0.995511 -0.094644 0.000178891 -64.5974 0.00143977 -0.0132542 0.999911 2.57947
-0.0974936 0.995169 0.0115313 110.214 -0.995236 -0.0974823 -0.00153759 -66.8266 -0.000406062 -0.0116263 0.999932 2.61711
-0.101654 0.994757 0.0111731 110.073 -0.99482 -0.101651 -0.000813531 -68.3116 0.000326499 -0.011198 0.999937 2.63791
-0.105439 0.994355 0.0118665 109.92 -0.994426 -0.105432 -0.00124109 -69.8175 1.70142e-05 -0.0119312 0.999929 2.66029
-0.107918 0.994068 0.013485 109.766 -0.994158 -0.107932 0.000365021 -71.3307 0.00181833 -0.0133668 0.999909 2.68481
-0.111314 0.993683 0.0142786 109.529 -0.993785 -0.111313 -0.000869603 -73.633 0.000725283 -0.0142867 0.999898 2.71318
-0.115986 0.993088 0.0179674 109.278 -0.993244 -0.1159 -0.00577813 -75.9896 -0.00365577 -0.0185162 0.999822 2.7353
-0.120068 0.992613 0.01741 109.099 -0.992764 -0.120015 -0.00406956 -77.5754 -0.00195003 -0.0177727 0.99984 2.7442
-0.122659 0.992347 0.0142518 108.794 -0.992412 -0.122766 0.0068595 -79.9991 0.00855663 -0.0133023 0.999875 2.77721
-0.12192 0.992507 0.00810701 108.489 -0.992522 -0.121962 0.00494424 -82.4963 0.00589594 -0.00744359 0.999955 2.82691
-0.119402 0.992801 0.00947384 108.295 -0.992845 -0.119413 0.000583231 -84.1863 0.00171033 -0.00933641 0.999955 2.85411
-0.114235 0.993416 0.00861537 108.007 -0.993443 -0.114189 -0.00564553 -86.7311 -0.00462458 -0.0092038 0.999947 2.87968
-0.109578 0.993913 0.0113628 107.735 -0.993947 -0.109659 0.00669582 -89.2901 0.0079011 -0.0105603 0.999913 2.92812
-0.106984 0.994182 0.0125248 107.563 -0.994255 -0.107017 0.00200171 -91.0163 0.00333043 -0.0122387 0.99992 2.95128
-0.10532 0.994363 0.012271 107.3 -0.994438 -0.105322 -0.000499298 -93.6112 0.000795924 -0.0122554 0.999925 2.99707
-0.103041 0.99466 0.00585248 107.031 -0.994676 -0.103032 -0.00186459 -96.1984 -0.00125164 -0.00601346 0.999981 3.02782
-0.101643 0.994782 0.00884901 106.87 -0.99482 -0.101653 0.000753282 -97.9155 0.00164888 -0.0087266 0.999961 3.06355
-0.102325 0.994555 0.0197587 106.651 -0.994749 -0.102265 -0.00400807 -100.466 -0.00196561 -0.0200651 0.999797 3.09181
-0.104155 0.99427 0.0240653 106.495 -0.99455 -0.104239 0.0022963 -102.143 0.00479169 -0.023695 0.999708 3.1213
-0.105807 0.994167 0.0209003 106.244 -0.994374 -0.10589 0.00290825 -104.63 0.00510442 -0.020475 0.999777 3.16778
-0.107 0.994046 0.0205747 106.078 -0.994219 -0.107158 0.00673486 -106.261 0.00889951 -0.0197351 0.999766 3.21013
-0.11061 0.993564 0.024434 105.922 -0.993829 -0.110778 0.00563963 -107.875 0.00831008 -0.0236594 0.999686 3.24875
-0.120008 0.992391 0.0275538 105.661 -0.992684 -0.120322 0.010025 -110.247 0.0132641 -0.0261492 0.99957 3.31609
-0.128746 0.991359 0.0251532 105.372 -0.991593 -0.129024 0.00978581 -112.582 0.0129466 -0.0236818 0.999636 3.37477
-0.132067 0.990709 0.0324666 105.195 -0.990941 -0.132762 0.020261 -114.115 0.0243831 -0.0294967 0.999267 3.42763
-0.14132 0.989568 0.0279817 104.883 -0.989818 -0.141728 0.0131895 -116.404 0.0170177 -0.0258328 0.999521 3.51309
-0.147695 0.988487 0.0328532 104.565 -0.988802 -0.148297 0.0167072 -118.669 0.0213869 -0.0300177 0.999321 3.59205
-0.154314 0.987552 0.0304568 104.231 -0.987495 -0.155165 0.0278764 -120.898 0.0322552 -0.0257742 0.999147 3.67395
-0.164089 0.986078 0.0269404 103.884 -0.986051 -0.164735 0.0238079 -123.105 0.0279145 -0.022658 0.999353 3.765
-0.18512 0.982342 0.0271226 103.514 -0.982388 -0.1857 0.0207016 -125.266 0.0253727 -0.0228127 0.999418 3.86483
-0.207274 0.977879 0.0281154 103.23 -0.977911 -0.207902 0.0215948 -126.68 0.0269623 -0.0230183 0.999371 3.92187
-0.242957 0.969765 0.0229683 102.727 -0.969668 -0.243449 0.0218189 -128.801 0.0267508 -0.0169706 0.999498 4.00858
-0.262526 0.964837 0.0130001 102.342 -0.964602 -0.262762 0.0223264 -130.2 0.0249573 -0.00667863 0.999666 4.06478
-0.276636 0.960933 0.00895193 101.941 -0.960689 -0.276769 0.021825 -131.588 0.02345 -0.00256244 0.999722 4.12888
-0.28359 0.958943 -0.00206251 101.524 -0.958816 -0.283515 0.0170581 -132.965 0.015773 0.00681508 0.999852 4.17316
-0.285543 0.958278 -0.0129935 101.107 -0.958306 -0.285347 0.0150777 -134.316 0.010741 0.0167571 0.999802 4.21362
-0.284358 0.958639 -0.0123046 100.713 -0.958546 -0.28404 0.0226227 -135.647 0.0181921 0.0182275 0.999668 4.26111
-0.279733 0.959919 -0.0174437 100.131 -0.959997 -0.279428 0.0180304 -137.63 0.0124335 0.0217896 0.999685 4.32401
-0.278294 0.960302 -0.0193121 99.945 -0.960416 -0.277956 0.018475 -138.272 0.0123737 0.0236892 0.999643 4.34118
-0.271734 0.962152 -0.0206011 99.5805 -0.962247 -0.27129 0.0219808 -139.564 0.01556 0.0257963 0.999546 4.38491
-0.26127 0.964965 -0.0240913 99.2377 -0.96518 -0.260833 0.0198377 -140.837 0.0128589 0.0284354 0.999513 4.42024
-0.248369 0.96831 -0.026236 98.7602 -0.968628 -0.24803 0.0155238 -142.712 0.0085245 0.0292686 0.999535 4.48036
-0.240725 0.970051 -0.032442 98.4496 -0.970585 -0.240451 0.0121405 -143.932 0.00397618 0.0344103 0.9994 4.50784
-0.22941 0.972881 -0.0295532 98.0335 -0.973299 -0.229058 0.0148557 -145.72 0.00768348 0.0321722 0.999453 4.55213
-0.218174 0.975471 -0.0292696 97.7828 -0.975834 -0.217686 0.0189697 -146.891 0.0121328 0.032701 0.999392 4.58341
-0.200082 0.97942 -0.0265134 97.5671 -0.979725 -0.199712 0.0159577 -148.067 0.0103343 0.0291687 0.999521 4.61128
-0.175221 0.984114 -0.0286043 97.3674 -0.984493 -0.174892 0.0136438 -149.221 0.00842445 0.0305514 0.999498 4.64493
-0.122833 0.992047 -0.0274723 97.1734 -0.992396 -0.12256 0.0114011 -150.929 0.0079434 0.0286639 0.999558 4.68738
-0.0783959 0.99672 -0.0200695 97.1091 -0.996874 -0.0781772 0.0114615 -152.066 0.00985497 0.0209053 0.999733 4.73054
-0.0363528 0.999287 -0.0102064 97.092 -0.999245 -0.0362076 0.0140605 -153.183 0.013681 0.0107099 0.999849 4.76259
-0.00792283 0.999963 0.00324417 97.0904 -0.999889 -0.00796304 0.0125763 -154.294 0.0126017 -0.00314417 0.999916 4.78432
-0.00585421 0.999835 0.0172004 97.0693 -0.999953 -0.00598705 0.0076817 -155.381 0.00778341 -0.0171546 0.999823 4.81058
-0.0295168 0.99937 0.0196838 97.0353 -0.999559 -0.029576 0.00272435 -156.477 0.0033048 -0.0195947 0.999803 4.8332
-0.0676992 0.99753 0.0187013 96.9394 -0.997706 -0.0676951 -0.000856613 -158.077 0.000411486 -0.0187164 0.999825 4.87476
-0.100827 0.994651 0.0224184 96.8418 -0.994904 -0.100786 -0.00295421 -159.118 -0.000678937 -0.022602 0.999744 4.88329
-0.131096 0.991172 0.0198108 96.7063 -0.991364 -0.131004 -0.00587637 -160.139 -0.0032292 -0.0204101 0.999786 4.90168
-0.159599 0.986963 0.0208031 96.5559 -0.987169 -0.159452 -0.00851659 -161.158 -0.00508846 -0.0218954 0.999747 4.91596
-0.183424 0.982912 0.0154706 96.3765 -0.983022 -0.18332 -0.00787965 -162.138 -0.00490892 -0.0166533 0.999849 4.92073
-0.201679 0.979371 0.0125987 96.173 -0.979449 -0.20163 -0.00507255 -163.1 -0.00242763 -0.0133628 0.999908 4.94133
-0.21069 0.977468 0.0128568 95.989 -0.977546 -0.210619 -0.00660189 -164.058 -0.00374524 -0.0139591 0.999896 4.95333
-0.213796 0.976815 0.0111626 95.7878 -0.976863 -0.213713 -0.00811787 -165.017 -0.00554405 -0.0126399 0.999905 4.96152
-0.215118 0.976547 0.00897719 95.6814 -0.976571 -0.215052 -0.00784847 -165.49 -0.00573384 -0.0104552 0.999929 4.97529
-0.220586 0.97532 0.0096657 95.4734 -0.975365 -0.220551 -0.00454692 -166.43 -0.00230292 -0.0104306 0.999943 4.98329
-0.229925 0.973125 0.0127425 95.2494 -0.973207 -0.229883 -0.00466656 -167.392 -0.00161186 -0.013474 0.999908 4.99295
-0.240851 0.970507 0.0103353 95.0033 -0.970559 -0.24081 -0.00505288 -168.39 -0.00241502 -0.011248 0.999934 5.00151
-0.252107 0.96767 0.00758981 94.7314 -0.967699 -0.252093 -0.00274945 -169.412 -0.000747219 -0.00803781 0.999967 5.01263
-0.263123 0.964735 0.00732219 94.4518 -0.964761 -0.263129 -0.000199502 -170.464 0.00173421 -0.00711666 0.999973 5.02084
-0.273142 0.961973 0.000789636 94.1331 -0.961973 -0.273143 0.000968334 -171.535 0.00114719 -0.000495115 0.999999 5.0324
-0.281137 0.959667 0.00143892 93.8224 -0.959666 -0.281134 -0.00212062 -172.634 -0.00163056 -0.00197707 0.999997 5.0435
-0.286533 0.958061 -0.00433972 93.4884 -0.958036 -0.286558 -0.00722642 -173.75 -0.00816693 0.002087 0.999964 5.04796
-0.289661 0.957112 -0.00573183 93.1526 -0.957064 -0.289705 -0.00991632 -174.861 -0.0111516 0.00261337 0.999934 5.0532
-0.288947 0.957324 -0.0064174 92.8222 -0.957306 -0.288989 -0.00709337 -175.97 -0.00864521 0.00409381 0.999954 5.05809
-0.285606 0.95832 -0.00716352 92.4979 -0.958309 -0.285653 -0.00682156 -177.07 -0.00858352 0.00491658 0.999951 5.06927
-0.283392 0.958975 -0.00742521 92.3431 -0.958966 -0.283442 -0.00676455 -177.623 -0.00859165 0.00520351 0.99995 5.07614
-0.274462 0.961558 -0.00881011 91.8884 -0.961583 -0.274497 -0.00303083 -179.228 -0.00533267 0.0076398 0.999957 5.08878
-0.266937 0.96367 -0.00924321 91.613 -0.963702 -0.266969 -0.00244544 -180.253 -0.00482424 0.00825493 0.999954 5.09982
-0.252358 0.967547 -0.0129337 91.2348 -0.967547 -0.252492 -0.00998675 -181.691 -0.0129283 0.00999371 0.999866 5.10849
-0.236377 0.971535 -0.0156845 91.0207 -0.971493 -0.236606 -0.0147956 -182.581 -0.0180855 0.0117401 0.999768 5.12222
-0.195416 0.980645 -0.0121701 90.7786 -0.980589 -0.195578 -0.0139522 -183.818 -0.0160624 0.0092074 0.999829 5.13042
-0.153637 0.988036 -0.0134135 90.6558 -0.988086 -0.153741 -0.00710242 -184.634 -0.00907965 0.0121625 0.999885 5.13126
-0.0682131 0.99765 -0.00646093 90.5926 -0.997613 -0.0682776 -0.0103505 -185.844 -0.0107673 0.00573946 0.999926 5.1457
0.0259664 0.999635 0.00742088 90.6618 -0.999521 0.0260871 -0.0166603 -187 -0.0168478 -0.00698471 0.999834 5.14448
0.122135 0.992456 0.0106365 90.8211 -0.992165 0.122369 -0.0251868 -188.139 -0.0262984 -0.00747693 0.999626 5.14463
0.229331 0.973293 0.0103667 91.1086 -0.973042 0.229513 -0.0226338 -189.257 -0.0244087 -0.00489661 0.99969 5.12894
0.351356 0.936147 0.0132994 91.5634 -0.93606 0.351532 -0.0147123 -190.386 -0.0184481 -0.00727977 0.999803 5.13006
0.438853 0.898423 0.0156308 91.966 -0.898492 0.438966 -0.00454346 -191.126 -0.0109434 -0.0120503 0.999868 5.10227
0.566836 0.823831 -6.19535e-05 92.7 -0.823829 0.566834 -0.00228198 -192.238 -0.00184485 0.00134455 0.999997 5.09991
0.682778 0.730567 0.00930741 93.7139 -0.730599 0.682806 0.000182541 -193.304 -0.0062218 -0.00692462 0.999957 5.11358
0.78012 0.625596 0.00647715 94.9423 -0.625608 0.780137 -0.000108614 -194.307 -0.00512101 -0.00396742 0.999979 5.11212
0.830182 0.557464 0.00563025 95.8882 -0.557465 0.830199 -0.00161455 -194.922 -0.00557429 -0.00179829 0.999983 5.11953
0.882317 0.470552 0.00990112 97.5054 -0.470559 0.882367 -0.00170113 -195.774 -0.00953689 -0.00315813 0.99995 5.11495
0.903868 0.427538 0.0152744 98.7006 -0.42752 0.903994 -0.00457334 -196.316 -0.0157632 -0.00239641 0.999873 5.10604
0.926373 0.376394 0.0126494 100.65 -0.376207 0.926416 -0.0149092 -197.15 -0.0173303 0.00905268 0.999809 5.08323
0.944989 0.326928 0.0106501 102.788 -0.326703 0.944944 -0.0185957 -197.92 -0.0161432 0.0140934 0.99977 5.07014
0.95259 0.303963 0.013385 104.294 -0.30377 0.952632 -0.0147096 -198.387 -0.0172221 0.00994626 0.999802 5.05947
0.954738 0.297001 0.0162715 106.663 -0.296823 0.95485 -0.0125311 -199.114 -0.0192586 0.00713416 0.999789 5.03414
0.954886 0.296671 0.0133999 108.298 -0.296434 0.954899 -0.0171737 -199.625 -0.0178905 0.0124268 0.999763 5.02221
0.954377 0.298263 0.0142411 110.841 -0.298011 0.954403 -0.0174668 -200.401 -0.0188015 0.012426 0.999746 5.00239
0.95385 0.299794 0.0171389 112.585 -0.299422 0.953883 -0.0212831 -200.947 -0.0227291 0.0151691 0.999627 4.98483
0.953464 0.301011 0.0173117 115.199 -0.300558 0.953446 -0.0246149 -201.766 -0.0239151 0.0182663 0.999547 4.96268
0.953213 0.301566 0.0210646 116.951 -0.300933 0.953214 -0.0286718 -202.318 -0.0287256 0.0209913 0.999367 4.9432
0.953292 0.301439 0.0192006 118.694 -0.300712 0.953126 -0.0335019 -202.868 -0.0283994 0.0261633 0.999254 4.92197
0.95397 0.299477 0.0159801 121.324 -0.29882 0.953698 -0.034152 -203.685 -0.0254679 0.0278048 0.999289 4.89323
0.954664 0.297198 0.0169986 123.077 -0.296518 0.954423 -0.0339636 -204.223 -0.0263177 0.0273834 0.999279 4.87451
0.955811 0.293443 0.0177984 125.711 -0.292753 0.955599 -0.0335618 -205.021 -0.0268566 0.0268682 0.999278 4.8439
0.956669 0.290568 0.0188271 127.469 -0.289849 0.956481 -0.0336245 -205.549 -0.027778 0.0267105 0.999257 4.82354
0.958137 0.285583 0.020388 130.087 -0.284744 0.957914 -0.0363504 -206.325 -0.0299111 0.0290233 0.999131 4.79546
0.959208 0.281985 0.02011 131.808 -0.281115 0.958934 -0.0376867 -206.827 -0.0299113 0.0304962 0.999087 4.77697
0.960945 0.275691 0.0240709 134.338 -0.274646 0.960739 -0.039371 -207.55 -0.0339801 0.0312223 0.998935 4.74343
0.962164 0.271258 0.0256993 135.966 -0.270096 0.961949 -0.0412566 -208.007 -0.0359126 0.0327543 0.998818 4.72319
0.964341 0.264054 0.0179248 138.288 -0.263289 0.964027 -0.0364884 -208.628 -0.0269149 0.0304678 0.999173 4.69301
0.966805 0.254317 0.0247068 140.473 -0.25328 0.96662 -0.0386703 -209.2 -0.0337166 0.031129 0.998947 4.67097
0.969786 0.242438 0.027199 142.458 -0.24137 0.969712 -0.0374113 -209.688 -0.0354451 0.0297159 0.99893 4.65922
0.971198 0.237145 0.0231642 144.213 -0.236377 0.971146 -0.0316548 -210.108 -0.0300026 0.0252676 0.99923 4.63702
0.972129 0.233793 0.0175032 145.765 -0.233216 0.971966 -0.0298604 -210.468 -0.0239937 0.0249461 0.999401 4.62776
0.97324 0.228965 0.0194717 147.188 -0.22838 0.97316 -0.0283255 -210.792 -0.0254346 0.0231206 0.999409 4.61454
0.97782 0.208683 0.0178679 148.587 -0.207994 0.977527 -0.0343326 -211.088 -0.024631 0.0298547 0.999251 4.60638
0.987536 0.156617 0.0156432 149.957 -0.156005 0.987145 -0.034749 -211.284 -0.0208844 0.0318755 0.999274 4.60716
0.997466 0.0685738 0.0189513 151.291 -0.0679318 0.997155 -0.0326654 -211.348 -0.0211374 0.0312952 0.999287 4.59701
0.998564 -0.0476817 0.0244275 152.569 0.0482995 0.998511 -0.0253581 -211.248 -0.023182 0.0265015 0.99938 4.60812
0.982476 -0.184496 0.0265069 153.787 0.184837 0.982708 -0.0110108 -210.963 -0.024017 0.0157173 0.999588 4.59112
0.941245 -0.335944 0.0346401 154.926 0.336353 0.941713 -0.00658008 -210.525 -0.0304105 0.0178448 0.999378 4.58002
0.871301 -0.489308 0.0375767 155.936 0.489545 0.871972 0.00326165 -209.915 -0.0343618 0.0155536 0.999288 4.57979
0.77259 -0.633948 0.0348623 156.791 0.634088 0.773216 0.00829064 -209.155 -0.032212 0.0157005 0.999358 4.54161
0.648543 -0.760071 0.041031 157.51 0.760405 0.649372 0.0100782 -208.295 -0.0343045 0.024664 0.999107 4.52905
0.507839 -0.860638 0.0374437 158.032 0.860746 0.508703 0.0183649 -207.33 -0.0348532 0.0229031 0.99913 4.54649
0.360344 -0.932541 0.0228054 158.374 0.932481 0.360764 0.018129 -206.311 -0.0251334 0.0147329 0.999576 4.51345
0.230932 -0.97292 0.00986046 158.596 0.972822 0.231062 0.0151198 -205.246 -0.0169888 0.00610082 0.999837 4.49709
0.139714 -0.989953 0.0217367 158.771 0.990074 0.140002 0.0123417 -204.116 -0.0152609 0.0197966 0.999688 4.48332
0.0820136 -0.996585 0.00958934 158.84 0.99641 0.0821941 0.020259 -202.862 -0.020978 0.00789341 0.999749 4.47105
0.0355689 -0.99921 0.0177241 158.91 0.999322 0.0357309 0.00890822 -201.448 -0.00953448 0.0173952 0.999803 4.4499
0.000818512 -0.99975 0.0223386 158.915 0.999969 0.000992515 0.00777938 -200.422 -0.00779961 0.0223315 0.99972 4.45435
-0.0398795 -0.99916 0.0094117 158.821 0.999109 -0.0397439 0.014178 -198.728 -0.013792 0.00996872 0.999855 4.44658
-0.0534535 -0.998554 0.00562623 158.748 0.998466 -0.0533658 0.014735 -197.515 -0.0144135 0.00640524 0.999876 4.43731
-0.0613313 -0.998114 -0.00262868 158.612 0.998003 -0.061364 0.0150037 -195.551 -0.0151367 -0.00170323 0.999884 4.42224
-0.0471738 -0.998712 -0.0186781 158.484 0.998774 -0.0474416 0.0141629 -193.428 -0.0150308 -0.0179871 0.999725 4.40202
-0.0194666 -0.999491 -0.0252875 158.416 0.999687 -0.0198562 0.0152502 -191.147 -0.0157446 -0.0249827 0.999564 4.38347
0.0108126 -0.999445 -0.0315165 158.399 0.99982 0.0103135 0.0159555 -188.703 -0.0156216 -0.0316833 0.999376 4.35635
0.0323655 -0.998873 -0.0347249 158.434 0.999309 0.0317057 0.019387 -186.985 -0.0182641 -0.0353283 0.999209 4.34018
0.0595934 -0.997642 -0.0340429 158.554 0.997958 0.058757 0.0250616 -184.337 -0.0230022 -0.0354669 0.999106 4.31631
0.0782157 -0.996477 -0.0302563 158.734 0.996668 0.077454 0.025578 -181.659 -0.0231445 -0.0321561 0.999215 4.2895
0.0827428 -0.996137 -0.0294158 158.864 0.996307 0.0820056 0.0254428 -179.873 -0.0229322 -0.0314124 0.999243 4.27516
0.0850519 -0.995925 -0.0299903 159.005 0.996138 0.0843348 0.0244193 -178.08 -0.0217906 -0.0319513 0.999252 4.26225
0.0880999 -0.995631 -0.0309264 159.221 0.995868 0.0873494 0.0248335 -175.379 -0.0220236 -0.0329865 0.999213 4.24013
0.0880373 -0.995586 -0.0325154 159.366 0.995868 0.0872376 0.0252472 -173.583 -0.0222992 -0.0346037 0.999152 4.22918
0.0869271 -0.995712 -0.0316377 159.512 0.996002 0.0862091 0.023393 -171.797 -0.0205652 -0.0335447 0.999226 4.21514
0.084754 -0.995808 -0.0344085 159.712 0.996114 0.0838496 0.0269287 -169.09 -0.0239307 -0.0365572 0.999045 4.19652
0.0838135 -0.995903 -0.0339373 159.851 0.996139 0.0828427 0.029069 -167.307 -0.0261384 -0.0362426 0.999001 4.18172
0.084863 -0.995758 -0.0355585 160.055 0.996064 0.083865 0.0286792 -164.629 -0.0255755 -0.0378523 0.998956 4.15575
0.0896618 -0.995311 -0.036292 160.269 0.995617 0.0885967 0.0299641 -161.967 -0.0266082 -0.0388196 0.998892 4.12702
0.0919674 -0.995107 -0.0361031 160.498 0.99546 0.0909856 0.0279579 -159.317 -0.0245362 -0.0385104 0.998957 4.10354
0.0940227 -0.994921 -0.0359455 160.729 0.995246 0.0930101 0.0288777 -156.685 -0.0253878 -0.0384897 0.998936 4.08193
0.0956247 -0.994827 -0.0342787 160.966 0.995063 0.0946149 0.029964 -154.061 -0.0265657 -0.0369748 0.998963 4.04799
0.0968099 -0.99472 -0.0340585 161.208 0.995065 0.0959819 0.0251633 -151.436 -0.0217614 -0.0363265 0.999103 4.02862
0.0985466 -0.994544 -0.0342074 161.373 0.994882 0.0976926 0.0258022 -149.658 -0.0223197 -0.036575 0.999082 4.01003
0.101542 -0.994285 -0.032964 161.627 0.994562 0.100689 0.0266101 -146.964 -0.0231389 -0.0354868 0.999102 3.98727
0.105497 -0.99402 -0.0281808 161.993 0.994127 0.104736 0.027251 -143.32 -0.0241365 -0.0308902 0.999231 3.94417
0.105101 -0.993988 -0.0306929 162.269 0.994252 0.104396 0.0237597 -140.561 -0.0204127 -0.0330137 0.999246 3.91789
0.0917401 -0.99542 -0.0268738 162.626 0.995526 0.0910698 0.0251908 -136.815 -0.022628 -0.0290646 0.999321 3.88314
0.0761279 -0.99669 -0.0285096 162.838 0.996775 0.0753449 0.0276026 -133.958 -0.0253632 -0.030519 0.999212 3.85167
0.065729 -0.997304 -0.0326238 163.071 0.997685 0.0651127 0.0196072 -130.135 -0.0174301 -0.033837 0.999275 3.80977
0.0610643 -0.997884 -0.0223531 163.367 0.997773 0.0604246 0.0282556 -125.235 -0.0268451 -0.0240287 0.999351 3.77534
0.0590109 -0.997958 -0.0244581 163.569 0.997801 0.0582255 0.0316671 -121.321 -0.0301784 -0.026273 0.999199 3.72847
0.0577681 -0.997964 -0.0270135 163.712 0.997958 0.0569872 0.0288356 -118.375 -0.0272375 -0.0286241 0.999219 3.68695
0.0569042 -0.99799 -0.0278991 163.958 0.998037 0.0561306 0.0277714 -113.493 -0.0261496 -0.0294247 0.999225 3.63227
0.0574401 -0.997925 -0.0290936 164.159 0.997962 0.0565824 0.0294938 -109.584 -0.0277864 -0.0307285 0.999141 3.58311
0.0576998 -0.997861 -0.0307186 164.355 0.997893 0.0567323 0.0314874 -105.665 -0.0296773 -0.0324707 0.999032 3.53867
0.0563532 -0.997889 -0.0322694 164.552 0.997931 0.0552945 0.0328115 -101.779 -0.0309579 -0.0340517 0.99894 3.48129
0.0562845 -0.997517 -0.0423376 164.719 0.998099 0.0551492 0.0275218 -97.9141 -0.0251186 -0.0438062 0.998724 3.41478
0.0649289 -0.996883 -0.0448091 164.924 0.997469 0.0635324 0.0319178 -94.0429 -0.0289715 -0.0467681 0.998486 3.36883
0.0759964 -0.996171 -0.0432264 165.239 0.996567 0.0744555 0.0362069 -89.1982 -0.0328498 -0.0458296 0.998409 3.28587
0.0810662 -0.995861 -0.0411012 165.679 0.996306 0.0797923 0.0317434 -83.3598 -0.0283324 -0.0435227 0.998651 3.19838
0.0778174 -0.996334 -0.0355332 165.972 0.996429 0.0765551 0.0356047 -79.434 -0.0327539 -0.038177 0.998734 3.14347
0.0793471 -0.996274 -0.0338044 166.328 0.996543 0.0784399 0.0273694 -74.5146 -0.0246158 -0.0358592 0.999054 3.05244
0.075501 -0.996674 -0.0306765 166.692 0.996568 0.0743749 0.0363269 -69.5503 -0.0339245 -0.0333139 0.998869 2.96655
0.0631806 -0.997694 -0.0248135 166.949 0.997377 0.0622414 0.0369563 -65.5606 -0.0353266 -0.0270833 0.999009 2.88523
0.0542139 -0.998193 -0.0259137 167.146 0.997956 0.0532853 0.0352737 -61.5769 -0.0338292 -0.0277731 0.999042 2.80892
0.0494583 -0.998329 -0.0298917 167.362 0.998126 0.0483245 0.0375313 -56.5571 -0.036024 -0.0316919 0.998848 2.69934
0.0456111 -0.998536 -0.0290814 167.534 0.99824 0.0444542 0.0392611 -52.5312 -0.0379108 -0.030821 0.998806 2.61802
0.0397525 -0.998866 -0.0261864 167.682 0.998518 0.0387368 0.0382163 -48.549 -0.0371586 -0.0276668 0.998926 2.52799
0.0307994 -0.999266 -0.0227578 167.798 0.99916 0.0301646 0.0277286 -44.6116 -0.0270217 -0.0235927 0.999356 2.47044
0.0229015 -0.999509 -0.0213647 167.891 0.999122 0.0221323 0.0355712 -39.747 -0.0350809 -0.0221606 0.999139 2.39725
0.023516 -0.999399 -0.0254861 167.938 0.998959 0.0224937 0.0396847 -36.8571 -0.0390875 -0.0263928 0.998887 2.33996
0.0215852 -0.999384 -0.0276853 167.994 0.998989 0.020468 0.0400239 -33.0745 -0.0394326 -0.0285212 0.998815 2.25828
0.00944639 -0.999485 -0.0306672 168.036 0.999102 0.00816721 0.0415721 -27.6471 -0.0413003 -0.0310324 0.998665 2.1307
0.00191022 -0.999479 -0.03222 168.022 0.999077 0.000525069 0.0429442 -23.3427 -0.0429049 -0.0322723 0.998558 2.0354
0.00865837 -0.999306 -0.0362342 168 0.9991 0.00714083 0.0418033 -19.3806 -0.0415156 -0.0365635 0.998469 1.94515
0.019601 -0.999223 -0.0341903 168.029 0.999044 0.0182379 0.0397331 -16.3897 -0.0390787 -0.0349364 0.998625 1.8721
0.0281107 -0.999035 -0.0337589 168.088 0.99878 0.0267001 0.0415307 -13.51 -0.0405893 -0.0348852 0.998567 1.80602
0.0347565 -0.998819 -0.0339447 168.183 0.998523 0.0332866 0.0429498 -10.1103 -0.0417692 -0.0353873 0.9985 1.72947
0.0446128 -0.998511 -0.0314022 168.278 0.998007 0.0431419 0.0460543 -7.60395 -0.044631 -0.0333942 0.998445 1.67454
0.0645234 -0.997636 -0.0236406 168.427 0.996768 0.0632949 0.049474 -4.82041 -0.0478607 -0.0267564 0.998496 1.61075
0.0942767 -0.99534 -0.0202687 168.584 0.994516 0.0932339 0.0473778 -2.89939 -0.0452673 -0.0246241 0.998671 1.55158
0.156479 -0.987583 -0.0139589 168.874 0.986967 0.155813 0.0402218 -0.758889 -0.0375474 -0.0200708 0.999093 1.49878
0.226034 -0.974087 -0.00791978 169.178 0.973412 0.225552 0.0399545 0.710078 -0.0371328 -0.0167403 0.99917 1.47134
0.37027 -0.92889 0.00794672 169.838 0.92823 0.370311 0.0354937 2.59736 -0.0359125 -0.00576587 0.999338 1.46208
0.522189 -0.852685 0.0157244 170.627 0.85207 0.522413 0.0325845 3.96906 -0.0359989 -0.00361699 0.999345 1.43033
0.714165 -0.699928 0.00829492 171.968 0.699793 0.714198 0.0145295 5.43531 -0.0160938 -0.00457175 0.99986 1.3815
0.871907 -0.489579 0.00949685 173.963 0.489449 0.871932 0.013197 6.71508 -0.0147416 -0.0068583 0.999868 1.37962
0.966783 -0.255508 0.00682785 176.737 0.255274 0.966556 0.0246014 7.68731 -0.0128853 -0.0220412 0.999674 1.35502
0.995538 -0.0943588 0.000354635 179.659 0.0943321 0.995333 0.0203361 8.1351 -0.00227187 -0.0202119 0.999793 1.34097
0.999468 -0.0323746 0.00404075 183.681 0.0323594 0.999469 0.0037797 8.31933 -0.00416097 -0.00364693 0.999985 1.35708
0.999303 -0.0368307 0.00611503 186.673 0.0368306 0.999322 0.000144469 8.4388 -0.0061162 8.08519e-05 0.999981 1.36305
0.998744 -0.0499795 0.00347367 190.659 0.049981 0.99875 -0.000336772 8.63173 -0.0034525 0.000509966 0.999994 1.39575
0.998501 -0.0538785 0.00959526 193.911 0.0538386 0.99854 0.00436526 8.82828 -0.00981645 -0.00384212 0.999944 1.41749
0.998221 -0.0583478 0.0122884 198.047 0.0582592 0.998274 0.00744408 9.08797 -0.0127016 -0.00671492 0.999897 1.42339
0.997511 -0.0676379 0.0199283 202.151 0.067559 0.997705 0.00460801 9.36831 -0.0201943 -0.00325021 0.999791 1.42147
0.997006 -0.0755857 0.0163048 206.198 0.0755639 0.997139 0.00195001 9.68188 -0.0164056 -0.000712115 0.999865 1.40179
0.996974 -0.0749171 0.0207354 209.321 0.0747953 0.997177 0.00658941 9.94247 -0.0211705 -0.00501856 0.999763 1.40147
0.996934 -0.0764506 0.0166616 212.195 0.076316 0.997047 0.00857391 10.183 -0.0172678 -0.00727609 0.999824 1.40032
0.996345 -0.0825013 0.0221624 214.151 0.0823263 0.996567 0.00869518 10.349 -0.0228037 -0.00683885 0.999717 1.39566
0.995344 -0.0943682 0.0196083 216.472 0.0942216 0.995517 0.00827523 10.5813 -0.0203013 -0.00638917 0.999773 1.39648
0.995148 -0.0963365 0.0200108 217.976 0.0961756 0.995325 0.00885917 10.7327 -0.0207708 -0.00689163 0.999761 1.39859
0.997567 -0.0670276 0.0191598 219.775 0.0668058 0.997694 0.0119909 10.8551 -0.0199193 -0.0106817 0.999745 1.3951
0.999374 0.033239 0.0121238 221.905 -0.0334122 0.999338 0.0143781 10.8281 -0.0116378 -0.0147742 0.999823 1.39833
0.979095 0.203259 0.0076515 223.88 -0.203289 0.979113 0.00347042 10.4731 -0.00678629 -0.00495334 0.999965 1.39377
0.915805 0.401563 0.00697822 225.666 -0.401482 0.915805 -0.010623 9.76639 -0.0106565 0.00692695 0.999919 1.42762
0.82634 0.563019 -0.0131285 226.918 -0.563122 0.826353 -0.00594185 8.92859 0.00750336 0.0123029 0.999896 1.40615
0.663128 0.748477 0.00663548 228.35 -0.748427 0.662903 0.0204162 7.58585 0.0108824 -0.0185047 0.99977 1.43578
0.494776 0.868978 0.00859764 229.238 -0.868741 0.494341 0.0302675 6.14073 0.0220516 -0.0224447 0.999505 1.50386
0.323416 0.946068 0.0189162 229.946 -0.946051 0.322864 0.02732 4.32541 0.0197392 -0.0267314 0.999448 1.54721
0.175154 0.984296 0.0219668 230.485 -0.984372 0.174667 0.0224541 1.64821 0.0182646 -0.0255564 0.999507 1.62462
0.0851362 0.9962 0.0183939 230.74 -0.99608 0.0846524 0.0256485 -0.777019 0.023994 -0.0205054 0.999502 1.67937
0.0272305 0.999423 0.0203005 230.858 -0.999527 0.0269314 0.0148622 -3.52228 0.0143069 -0.0206956 0.999683 1.75464
0.00997123 0.999853 0.013921 230.886 -0.999864 0.009787 0.0132403 -6.46489 0.0131021 -0.0140511 0.999815 1.81962
0.00546692 0.999899 0.0131234 230.913 -0.999951 0.0053572 0.00838169 -9.60221 0.00831053 -0.0131686 0.999879 1.87743
0.016896 0.999841 0.00569787 230.963 -0.999831 0.0168543 0.00729839 -12.8158 0.00720119 -0.00582022 0.999957 1.94675
0.0264301 0.999644 0.00361514 231.031 -0.999641 0.0264135 0.0045631 -15.2454 0.00446599 -0.00373445 0.999983 1.99512
0.0327373 0.999434 0.00777793 231.14 -0.999429 0.0326704 0.00857743 -17.6723 0.00831846 -0.00805429 0.999933 2.04131
0.0386229 0.999112 0.016808 231.259 -0.999242 0.0385351 0.0055182 -20.1446 0.0048656 -0.0170084 0.999844 2.09097
0.0410651 0.998924 0.0215472 231.377 -0.999136 0.0409153 0.00734783 -22.6162 0.00645831 -0.0218303 0.999741 2.13687
0.0400016 0.998994 0.0202612 231.526 -0.999193 0.0399199 0.0044212 -25.9549 0.00360793 -0.0204217 0.999785 2.20329
0.0334985 0.999032 0.0285207 231.687 -0.999436 0.0334236 0.00309766 -29.2769 0.0021414 -0.0286084 0.999588 2.26749
0.0251446 0.999015 0.0365601 231.811 -0.999653 0.0254151 -0.00695103 -32.548 -0.00787336 -0.0363726 0.999307 2.31096
0.0234197 0.999186 0.0328444 231.88 -0.999724 0.0234698 -0.00114255 -34.969 -0.00191247 -0.0328086 0.99946 2.3384
0.0217012 0.999204 0.0334596 231.978 -0.999764 0.021655 0.00173984 -38.1487 0.00101388 -0.0334895 0.999439 2.39377
0.0163747 0.999185 0.036892 232.063 -0.999853 0.0165527 -0.00452665 -41.2894 -0.00513363 -0.0368125 0.999309 2.43625
0.0158265 0.999292 0.0341202 232.127 -0.999868 0.0159461 -0.00323625 -44.3703 -0.00377805 -0.0340644 0.999412 2.47746
0.017422 0.999085 0.0390643 232.193 -0.999809 0.017753 -0.00814097 -46.6507 -0.00882703 -0.038915 0.999204 2.50145
0.0173098 0.999048 0.0400311 232.268 -0.999841 0.0174665 -0.00356617 -49.6544 -0.00426198 -0.039963 0.999192 2.53721
0.0187638 0.999346 0.0309169 232.344 -0.999651 0.0181768 0.0191609 -53.3199 0.0185864 -0.0312656 0.999338 2.58624
0.0227085 0.999197 0.0329987 232.412 -0.999738 0.0226066 0.00345732 -55.5068 0.00270855 -0.0330686 0.999449 2.6529
0.0269665 0.998771 0.0415907 232.526 -0.999636 0.026992 -5.0968e-05 -58.3387 -0.00117352 -0.0415741 0.999135 2.70169
0.0220214 0.998639 0.0472806 232.62 -0.999757 0.0220056 0.0008529 -61.1147 -0.000188701 -0.0472879 0.998881 2.73959
0.0203086 0.998755 0.0455668 232.712 -0.999789 0.0204263 -0.00211869 -64.4801 -0.00304681 -0.0455141 0.998959 2.79282
0.0227373 0.998665 0.0463875 232.788 -0.999735 0.0225507 0.00454288 -67.0789 0.00349074 -0.0464785 0.998913 2.83337
0.017065 0.998768 0.0466011 232.892 -0.999853 0.0171295 -0.00098564 -70.8792 -0.00178268 -0.0465774 0.998913 2.89896
0.00357916 0.999014 0.0442444 232.925 -0.999991 0.00346786 0.00259204 -73.3803 0.00243605 -0.0442533 0.999017 2.9315
-0.0260472 0.998623 0.0455338 232.893 -0.999639 -0.0263193 0.00538609 -76.6532 0.00657709 -0.0453771 0.998948 2.98507
-0.0545672 0.997561 0.0435254 232.748 -0.998508 -0.0546084 -0.000242849 -80.1768 0.0021346 -0.0434737 0.999052 3.03239
-0.0746562 0.996427 0.0394939 232.55 -0.997173 -0.0749312 0.00552676 -83.1942 0.00846634 -0.0389697 0.999205 3.08395
-0.0860398 0.995909 0.0276006 232.203 -0.99629 -0.0859488 -0.00447125 -87.2945 -0.00208072 -0.0278829 0.999609 3.12171
-0.0823727 0.996469 0.0162327 231.902 -0.996598 -0.0824052 0.0013372 -90.8106 0.00267014 -0.0160673 0.999867 3.14252
-0.0654913 0.997847 0.00342328 231.629 -0.997848 -0.0654799 -0.0033552 -94.545 -0.00312382 -0.00363565 0.999989 3.17952
-0.0458153 0.998948 0.00218332 231.44 -0.998944 -0.0458072 -0.00366009 -98.4629 -0.00355623 -0.0023487 0.999991 3.21475
-0.0325996 0.999454 0.00538869 231.283 -0.999441 -0.0326381 0.00721303 -103.458 0.00738497 -0.00515054 0.999959 3.28249
-0.0261772 0.999657 -0.000144159 231.101 -0.999656 -0.0261774 -0.00129931 -110.505 -0.00130264 0.000110097 0.999999 3.36698
-0.0200968 0.999798 0.000697169 231.032 -0.999798 -0.0200973 0.000771674 -114.52 0.000785529 -0.00068152 0.999999 3.4236
-0.00991463 0.999945 0.00355648 230.997 -0.999919 -0.00988577 -0.00804374 -118.483 -0.00800813 -0.00363594 0.999961 3.47116
-0.00201428 0.999844 0.0175618 231.027 -0.999932 -0.00181184 -0.0115356 -122.399 -0.011502 -0.0175838 0.999779 3.50911
