0.999917 -0.0126074 -0.00279554 1.94741 0.0126072 0.999921 -8.96567e-05 0.0112449 0.00279644 5.44054e-05 0.999996 0.0522351
0.999836 -0.0166508 -0.00707252 3.5999 0.0166308 0.999858 -0.00286952 0.0353537 0.0071193 0.00275143 0.999971 0.081588
0.999808 -0.0174219 -0.00901097 5.19907 0.0173628 0.999828 -0.00659512 0.0563284 0.00912432 0.0064374 0.999938 0.117808
0.999726 -0.0211469 -0.0100053 6.69975 0.0210775 0.999753 -0.00699291 0.0945743 0.0101507 0.00678011 0.999925 0.156126
0.999512 -0.0260813 -0.0171662 8.13299 0.0260203 0.999654 -0.00376853 0.132531 0.0172585 0.00332002 0.999846 0.182756
0.999517 -0.0271485 -0.0151117 9.51425 0.0271125 0.999629 -0.00258165 0.181251 0.0151762 0.00217069 0.999882 0.209683
0.999599 -0.0281919 0.00254598 10.8104 0.0281868 0.999601 0.0019947 0.223307 -0.0026012 -0.00192214 0.999995 0.243483
0.999486 -0.0320468 0.000730839 12.1745 0.0320411 0.999463 0.0068069 0.269873 -0.000948587 -0.00677999 0.999977 0.264354
0.999373 -0.0347724 -0.00671222 13.5913 0.0348125 0.999376 0.00595341 0.283873 0.00650101 -0.00618335 0.99996 0.265288
0.999299 -0.0368047 0.00689507 15.0675 0.0367835 0.999318 0.00317983 0.348377 -0.0070074 -0.00292397 0.999971 0.274042
0.999205 -0.0378352 0.0125701 16.6294 0.037819 0.999283 0.00152811 0.402402 -0.0126189 -0.0010515 0.99992 0.271614
0.999222 -0.0387127 0.00757343 18.2771 0.0387028 0.99925 0.00145267 0.485416 -0.00762398 -0.00115842 0.99997 0.262439
0.999396 -0.0329555 -0.0110118 20.1579 0.0329371 0.999456 -0.00184136 0.495179 0.0110665 0.00147756 0.999938 0.418716
0.999376 -0.0296982 -0.019116 21.9047 0.029642 0.999555 -0.00321922 0.556781 0.0192031 0.00265057 0.999812 0.45641
0.999322 -0.030989 -0.0198649 23.7419 0.0309522 0.999519 -0.00215669 0.631639 0.0199222 0.00154037 0.9998 0.505571
0.999278 -0.0311767 -0.021705 25.6229 0.0312146 0.999512 0.00141133 0.717152 0.0216504 -0.00208783 0.999763 0.555398
0.99924 -0.0329032 -0.020885 27.5438 0.0330227 0.99944 0.00540339 0.785081 0.0206955 -0.00608897 0.999767 0.603093
0.999208 -0.032882 -0.0224248 29.482 0.033053 0.999427 0.00729552 0.866125 0.022172 -0.00803095 0.999722 0.670225
0.999225 -0.0346929 -0.0185806 31.4771 0.034871 0.999348 0.00935066 0.935926 0.0182441 -0.00999134 0.999784 0.731516
0.999219 -0.0348146 -0.0187142 32.4893 0.0349925 0.999345 0.00926311 0.993926 0.0183795 -0.00991073 0.999782 0.77128
0.99957 -0.0253608 -0.0147235 34.6905 0.0254762 0.999646 0.00770282 0.853843 0.0145229 -0.00807461 0.999862 0.786095
0.999559 -0.026494 -0.0134366 35.7202 0.026594 0.99962 0.00731961 0.876528 0.0132376 -0.00767371 0.999883 0.793241
0.999641 -0.0252673 -0.0088905 36.7432 0.0253157 0.999665 0.00537895 0.906667 0.00875162 -0.00560209 0.999946 0.833417
0.999633 -0.025475 -0.00921829 37.8044 0.0255476 0.999643 0.0078455 0.937217 0.00901513 -0.00807812 0.999927 0.842274
0.999574 -0.0274795 -0.00985543 38.8709 0.0275465 0.999598 0.00673524 0.975022 0.00966639 -0.00700385 0.999929 0.882182
0.999594 -0.027242 -0.00831388 39.9288 0.0273135 0.99959 0.00861359 1.00259 0.00807582 -0.00883718 0.999928 0.892214
0.999474 -0.031456 -0.00788737 41.0109 0.031504 0.999485 0.00604449 1.03803 0.00769318 -0.00628979 0.999951 0.928277
0.999485 -0.0309876 -0.00834174 42.074 0.0310527 0.999487 0.00779329 1.06816 0.00809597 -0.00804831 0.999935 0.928127
0.999418 -0.0333574 -0.00711163 43.1463 0.0334031 0.999421 0.00639853 1.10855 0.00689407 -0.00663236 0.999954 0.974458
0.999469 -0.031945 -0.00636372 44.2043 0.03199 0.999463 0.00710699 1.15703 0.00613327 -0.00730679 0.999954 0.971725
0.999402 -0.0342259 -0.00484934 45.2939 0.0342525 0.999398 0.0055121 1.18382 0.00465776 -0.00567491 0.999973 1.017
0.999397 -0.0336613 -0.00848632 46.3674 0.0337349 0.999393 0.00869219 1.23739 0.00818858 -0.00897323 0.999926 1.02119
0.999426 -0.0324758 -0.00965335 47.4252 0.0325566 0.999435 0.00833193 1.26028 0.00937731 -0.00864143 0.999919 1.05731
0.999351 -0.0340692 -0.011669 48.491 0.034208 0.999344 0.0119072 1.33348 0.0112557 -0.0122987 0.999861 1.06848
0.999432 -0.0321962 -0.00993129 49.5549 0.0323136 0.999407 0.0118875 1.34832 0.00954267 -0.0122017 0.99988 1.09679
0.999513 -0.0303014 -0.00747195 50.6286 0.030395 0.999457 0.012743 1.40614 0.00708176 -0.0129639 0.999891 1.11627
0.999502 -0.0304746 -0.00821027 51.7115 0.0305744 0.999457 0.0123219 1.42356 0.0078303 -0.0125668 0.99989 1.1505
0.999547 -0.0291477 -0.007485 52.7991 0.0292305 0.99951 0.0111927 1.47598 0.00715509 -0.0114064 0.999909 1.16426
0.999526 -0.02993 -0.00721374 53.8452 0.0300064 0.999492 0.0107178 1.4996 0.00688929 -0.0109291 0.999917 1.18937
0.99955 -0.0284209 -0.0096321 54.9338 0.0285347 0.999522 0.0118864 1.55881 0.00928968 -0.0121559 0.999883 1.21909
0.999487 -0.0299598 -0.0112783 55.9978 0.0300864 0.999484 0.0112235 1.58615 0.0109362 -0.0115571 0.999873 1.23485
0.99948 -0.029189 -0.0136805 57.0657 0.0293093 0.999533 0.00867233 1.62759 0.013421 -0.00906879 0.999869 1.25783
0.999514 -0.0263598 -0.0166388 58.1385 0.0265158 0.999606 0.00923001 1.66318 0.0163889 -0.00966672 0.999819 1.29144
0.999475 -0.0287042 -0.0149935 59.2074 0.0288243 0.999554 0.00785807 1.69723 0.0147613 -0.00828613 0.999857 1.31943
0.999542 -0.0285811 -0.00993634 60.2919 0.0286539 0.999563 0.00726699 1.71777 0.0097243 -0.00754838 0.999924 1.35492
0.999579 -0.0277488 -0.0084811 61.3639 0.0278124 0.999585 0.00747001 1.766 0.0082703 -0.00770274 0.999936 1.38204
0.999631 -0.026636 -0.00526995 62.4481 0.0266597 0.999635 0.00448097 1.79197 0.00514866 -0.00461982 0.999976 1.40527
0.999594 -0.028274 -0.00344462 63.5384 0.02829 0.999589 0.00469528 1.80708 0.00331044 -0.00479082 0.999983 1.42124
0.999533 -0.0298606 -0.00650468 64.6112 0.0298906 0.999543 0.00457048 1.83138 0.00636523 -0.00476277 0.999968 1.4461
0.999512 -0.0301194 -0.00826746 65.6791 0.0301403 0.999543 0.00241777 1.88056 0.00819086 -0.00266577 0.999963 1.4717
0.999486 -0.0294221 -0.0127391 66.776 0.0294605 0.999562 0.00283642 1.90583 0.0126501 -0.00321026 0.999915 1.49669
0.9995 -0.0266176 -0.0170945 67.8587 0.0266858 0.999637 0.00377435 1.95991 0.0169878 -0.00422864 0.999847 1.52708
0.999545 -0.0268615 -0.0136969 68.9447 0.0269497 0.999617 0.00629757 1.98988 0.0135225 -0.00666384 0.999886 1.54468
0.999618 -0.0251134 -0.0115424 70.018 0.0252256 0.999635 0.00968625 2.03244 0.0112949 -0.00997371 0.999886 1.58197
0.999626 -0.0255751 -0.00964435 71.0965 0.0256963 0.99959 0.0126527 2.05682 0.0093168 -0.0128958 0.999873 1.59564
0.999639 -0.0252604 -0.00911904 72.181 0.0253693 0.999606 0.0120266 2.09766 0.00881165 -0.0122536 0.999886 1.63248
0.99963 -0.0260148 -0.00789504 73.2658 0.0261098 0.999585 0.0121807 2.11427 0.00757488 -0.0123824 0.999895 1.64684
0.999654 -0.0258091 -0.00509765 74.3445 0.0258515 0.99963 0.00844292 2.13551 0.00487786 -0.00857178 0.999951 1.68387
0.999641 -0.0266208 -0.00311296 75.4134 0.0266436 0.999617 0.00753184 2.16871 0.00291127 -0.00761207 0.999967 1.69526
0.999628 -0.0270588 -0.00334552 76.5062 0.0270847 0.999601 0.00795655 2.20537 0.00312889 -0.00804421 0.999963 1.73145
0.999602 -0.0275865 -0.00586433 77.5706 0.0276421 0.999572 0.00961349 2.23615 0.00559662 -0.00977177 0.999937 1.74046
0.999614 -0.026669 -0.0077722 78.6395 0.0267364 0.999605 0.00870249 2.27454 0.00753704 -0.00890693 0.999932 1.77117
0.999562 -0.0288093 -0.00678384 79.718 0.0288773 0.999531 0.0101619 2.29576 0.0064879 -0.0103534 0.999925 1.79423
0.999613 -0.0274538 -0.00456358 80.8007 0.0275057 0.999553 0.011735 2.34134 0.00423937 -0.011856 0.999921 1.8185
0.999542 -0.0302498 -0.000551064 81.8584 0.0302544 0.999458 0.0129595 2.36083 0.000158743 -0.0129703 0.999916 1.83872
0.999574 -0.0291528 -0.00147772 82.9029 0.0291702 0.999483 0.013554 2.42704 0.00108182 -0.0135913 0.999907 1.86567
0.999568 -0.0293738 -0.00135151 83.964 0.0293911 0.99945 0.0153648 2.44348 0.000899444 -0.0153979 0.999881 1.87828
0.999569 -0.0293055 -0.00163048 85.0146 0.0293263 0.999463 0.014651 2.49077 0.00120025 -0.0146925 0.999891 1.89071
0.999533 -0.0305502 -0.00118745 86.0699 0.0305635 0.99944 0.0136375 2.5371 0.000770156 -0.0136674 0.999906 1.90977
0.999493 -0.0318228 -0.00103171 87.0888 0.0318338 0.999403 0.0134353 2.56471 0.000603547 -0.0134613 0.999909 1.9262
0.999465 -0.0327099 -0.000697929 88.1218 0.0327164 0.999371 0.0136772 2.60305 0.00025011 -0.0136927 0.999906 1.9415
0.99948 -0.0320303 0.00369654 90.102 0.0319819 0.99941 0.0124883 2.67432 -0.00409437 -0.0123635 0.999915 1.98829
0.999351 -0.0356404 0.00522709 91.9824 0.0355881 0.999319 0.00978389 2.73832 -0.00557223 -0.00959152 0.999938 2.02459
0.999191 -0.039957 0.00449416 93.7685 0.0399156 0.999163 0.00894901 2.82054 -0.00484797 -0.00876239 0.99995 2.04939
0.998916 -0.046081 0.0066494 95.4859 0.0460123 0.998889 0.0101382 2.91014 -0.0071092 -0.0098213 0.999926 2.08285
0.99862 -0.0514385 0.0105826 97.1092 0.0513 0.998599 0.0129637 3.01044 -0.0112346 -0.012403 0.99986 2.09832
0.998297 -0.0578398 0.00762492 98.6074 0.0577189 0.998217 0.015217 3.12955 -0.00849147 -0.014751 0.999855 2.1208
0.997719 -0.0674495 0.00284005 100.149 0.067379 0.997524 0.0201288 3.50565 -0.00419069 -0.0198915 0.999793 2.22553
0.997561 -0.0697536 -0.00236547 101.362 0.0697893 0.997305 0.0226479 3.60979 0.000779321 -0.0227577 0.999741 2.24
0.997656 -0.0683999 -0.00174033 102.505 0.068422 0.997304 0.0265241 3.70379 -7.86064e-05 -0.0265811 0.999647 2.26667
0.998437 -0.0558151 0.002759 103.587 0.0556982 0.997932 0.0320868 3.77647 -0.00454423 -0.031883 0.999481 2.28325
0.999736 -0.0217203 0.00744261 104.965 0.0214821 0.999297 0.0307162 3.84341 -0.00810454 -0.0305483 0.9995 2.30521
0.999486 0.0320117 0.00169507 106.23 -0.0320479 0.999044 0.0297328 3.79415 -0.000741657 -0.0297719 0.999556 2.32218
0.995259 0.0971501 -0.00459101 107.583 -0.0969991 0.994943 0.0260524 3.87646 0.00709878 -0.0254835 0.99965 2.38156
0.979066 0.203356 -0.00873657 108.659 -0.203182 0.978983 0.0175671 3.64602 0.0121253 -0.0154242 0.999808 2.40722
0.949132 0.314713 -0.0101719 109.816 -0.314538 0.949114 0.015777 3.44449 0.0146195 -0.011775 0.999824 2.44747
0.894779 0.44645 -0.00733314 110.722 -0.446306 0.894746 0.0155348 2.96031 0.0134968 -0.0106274 0.999852 2.48563
0.822613 0.568494 -0.0110649 111.768 -0.568237 0.822626 0.0198111 2.50865 0.0203648 -0.0100094 0.999743 2.51746
0.722927 0.690816 -0.0121971 112.543 -0.690299 0.722912 0.0297606 1.85431 0.0293765 -0.0130951 0.999483 2.55008
0.613558 0.789604 -0.00846402 113.391 -0.789228 0.613546 0.0260786 1.06777 0.0257848 -0.0093207 0.999624 2.59525
0.470365 0.882466 -0.00324942 113.991 -0.882324 0.47035 0.0165742 0.0761418 0.0161546 -0.00492889 0.999857 2.63963
0.331895 0.943316 9.95744e-05 114.406 -0.943017 0.331788 0.0252196 -1.06904 0.0237571 -0.00846418 0.999682 2.67503
0.231117 0.972861 -0.0112466 114.899 -0.972515 0.23134 0.0263983 -2.29069 0.0282836 0.0048364 0.999588 2.7174
0.15657 0.987661 -0.00337593 115.123 -0.987426 0.156607 0.021558 -3.72601 0.0218207 -4.18631e-05 0.999762 2.76025
0.113221 0.993554 -0.00553931 115.226 -0.993397 0.113303 0.0180046 -4.77605 0.0185162 0.00346424 0.999823 2.78699
0.0728772 0.997207 -0.0163665 115.3 -0.997069 0.073231 0.0221702 -5.871 0.0233068 0.0147028 0.99962 2.82722
0.0494341 0.998635 -0.0168483 115.377 -0.998274 0.0499377 0.0309111 -7.0934 0.0317103 0.0152911 0.99938 2.85599
0.0470688 0.998687 -0.0202145 115.403 -0.998546 0.0475752 0.0253473 -8.38083 0.0262758 0.018992 0.999474 2.90575
0.0514798 0.998432 -0.0219712 115.468 -0.998295 0.0520537 0.0263985 -9.69686 0.0275008 0.0205747 0.99941 2.94846
0.0465996 0.998672 -0.0219554 115.561 -0.99851 0.0471943 0.0273927 -11.0902 0.0283926 0.0206462 0.999384 2.99389
0.0314649 0.999256 -0.0223121 115.322 -0.999202 0.0319971 0.0239084 -12.6086 0.0246045 0.021542 0.999465 3.00101
0.0309963 0.999314 -0.0202721 115.368 -0.999316 0.0313925 0.0195304 -14.1178 0.0201534 0.0196529 0.999604 3.059
0.0355043 0.999189 -0.0189994 115.426 -0.99918 0.0358615 0.0188048 -15.6853 0.0194708 0.0183162 0.999643 3.10434
0.0307366 0.999325 -0.0201265 115.478 -0.999409 0.0310366 0.0147625 -17.2973 0.0153772 0.0196608 0.999688 3.1478
0.00981881 0.999747 -0.0202268 115.26 -0.999843 0.0101141 0.0145474 -18.9372 0.0147483 0.0200808 0.99969 3.1702
0.00794077 0.999768 -0.0200015 115.278 -0.999718 0.00838488 0.0222186 -20.5969 0.0223812 0.0198194 0.999553 3.20987
0.00857111 0.999835 -0.0160353 115.31 -0.999806 0.00885341 0.0176177 -22.2483 0.0177567 0.0158812 0.999716 3.25261
0.00578434 0.999882 -0.0142462 115.342 -0.999939 0.00591786 0.00934826 -23.9476 0.00943146 0.0141912 0.999855 3.30045
0.00714774 0.999955 -0.00624427 115.364 -0.999952 0.00718927 0.00665347 -25.6043 0.00669806 0.00619641 0.999958 3.33998
-0.0080465 0.999924 -0.00937736 115.123 -0.999723 -0.00783694 0.022174 -27.2832 0.0220988 0.00955319 0.99971 3.37982
-0.00798998 0.9999 -0.0117033 115.111 -0.999851 -0.00780964 0.0153749 -28.9297 0.0152819 0.0118244 0.999813 3.42231
-0.00764979 0.999916 -0.0104677 115.104 -0.999926 -0.00755023 0.00951805 -30.5735 0.00943822 0.0105398 0.9999 3.4774
-0.00944682 0.999918 -0.0086711 115.106 -0.999897 -0.00935183 0.0109316 -32.168 0.0108496 0.00877348 0.999903 3.51453
-0.0136309 0.999874 -0.00807668 115.095 -0.999836 -0.0135333 0.0120267 -33.7968 0.0119159 0.00823929 0.999895 3.56568
-0.0166611 0.999834 -0.00738115 115.091 -0.999793 -0.0165733 0.0118024 -35.3798 0.0116782 0.00757626 0.999903 3.60923
-0.0226792 0.999728 -0.005482 115.069 -0.999689 -0.0226207 0.0105186 -36.959 0.0103918 0.00571885 0.99993 3.65789
-0.0260198 0.999643 -0.00610718 115.034 -0.999608 -0.0259549 0.0104738 -38.5136 0.0103115 0.00637731 0.999926 3.69656
-0.0291762 0.999549 -0.007167 114.999 -0.999503 -0.0290874 0.0121911 -40.053 0.0119771 0.00751912 0.9999 3.73341
-0.0312018 0.999511 -0.00227155 114.964 -0.999452 -0.0311748 0.0111003 -41.5699 0.0110241 0.00261665 0.999936 3.76651
-0.0328666 0.999456 -0.00284328 114.925 -0.999399 -0.032833 0.0111354 -43.0413 0.0110359 0.00320756 0.999934 3.81605
-0.0362406 0.999342 -0.0014497 114.895 -0.999271 -0.0362205 0.0120565 -44.4499 0.011996 0.00188558 0.999926 3.8635
-0.0356202 0.999364 -0.00186303 114.853 -0.999261 -0.0355894 0.014549 -45.8226 0.0144734 0.00237989 0.999892 3.90659
-0.0469826 0.99887 -0.00714097 114.539 -0.998852 -0.0469128 0.00964493 -47.3009 0.00929903 0.00758591 0.999928 3.89499
-0.0441302 0.999021 -0.00320171 114.485 -0.998975 -0.0440953 0.0102531 -48.6781 0.0101018 0.00365089 0.999942 3.93205
-0.0472118 0.998868 -0.00577258 114.431 -0.998837 -0.0471524 0.0100332 -50.0496 0.00974969 0.00623956 0.999933 3.97254
-0.0538331 0.99855 0.000311439 114.381 -0.998506 -0.0538336 0.0094164 -51.3702 0.00941951 0.00019594 0.999956 4.01251
-0.0680666 0.99768 -0.00115235 114.299 -0.997587 -0.0680443 0.0137976 -52.6848 0.0136872 0.00208873 0.999904 4.04681
-0.0806449 0.99674 -0.00247654 114.198 -0.99659 -0.0805887 0.0177293 -53.9878 0.0174719 0.00389787 0.99984 4.09074
-0.0917783 0.995778 0.00187961 114.081 -0.995684 -0.0917955 0.0136695 -55.3615 0.0137843 -0.000616934 0.999905 4.12869
-0.0957473 0.995404 -0.00172309 113.953 -0.995304 -0.0957127 0.0144345 -56.7239 0.0142033 0.00309707 0.999894 4.14826
-0.0999587 0.994984 -0.00399664 113.821 -0.994943 -0.0999135 0.0102533 -58.1495 0.00980252 0.00500133 0.999939 4.18825
-0.101443 0.994841 -0.0012867 113.681 -0.994798 -0.101426 0.0094586 -59.606 0.00927929 0.00223951 0.999954 4.21844
-0.105106 0.994432 -0.00756168 113.507 -0.994347 -0.104975 0.0159386 -61.0761 0.0150561 0.00919417 0.999844 4.2467
-0.105995 0.994322 -0.00940167 113.353 -0.99426 -0.10584 0.0156822 -62.5619 0.0145981 0.0110099 0.999833 4.27784
-0.105596 0.994292 -0.0152566 113.209 -0.994378 -0.105458 0.0095509 -64.0507 0.00788744 0.0161794 0.999838 4.32143
-0.107859 0.99404 -0.0158134 113.061 -0.994125 -0.107696 0.0107937 -65.5365 0.00902633 0.0168847 0.999817 4.36142
-0.112412 0.993511 -0.0172848 112.905 -0.993632 -0.112257 0.00968704 -67.0045 0.00768385 0.0182636 0.999804 4.3937
-0.116308 0.993077 -0.0164458 112.739 -0.993173 -0.116138 0.0109183 -68.4845 0.0089327 0.0176034 0.999805 4.43208
-0.120737 0.992566 -0.0153536 112.571 -0.992641 -0.120572 0.0112633 -70.0098 0.00932834 0.0166005 0.999819 4.46205
-0.121813 0.992438 -0.0151132 112.388 -0.992494 -0.121626 0.0127409 -71.5273 0.0108064 0.0165518 0.999805 4.49183
-0.124394 0.992115 -0.0152811 112.213 -0.992204 -0.124258 0.00949898 -73.0698 0.00752528 0.0163436 0.999838 4.53583
-0.125905 0.99198 -0.0110809 112.02 -0.992008 -0.1258 0.00969138 -74.6141 0.00821967 0.0122126 0.999892 4.55539
-0.129875 0.991471 -0.0108326 111.833 -0.9915 -0.129777 0.00930292 -76.1743 0.00781775 0.0119487 0.999898 4.58113
-0.133479 0.990972 -0.0125591 111.629 -0.990964 -0.133288 0.0150092 -77.7918 0.0131998 0.0144491 0.999808 4.61497
-0.133328 0.990955 -0.0152207 111.432 -0.990904 -0.133007 0.0204577 -79.3947 0.0182482 0.0178099 0.999675 4.65712
-0.132006 0.991083 -0.0181573 111.19 -0.991151 -0.131713 0.0164447 -81.0599 0.0139065 0.0201674 0.9997 4.70425
-0.124622 0.992104 -0.0141072 111.212 -0.992138 -0.124437 0.0133464 -82.9168 0.0114855 0.0156595 0.999811 4.74933
-0.122048 0.992346 -0.0187787 110.995 -0.992487 -0.121859 0.0109103 -84.5949 0.00853843 0.0199692 0.999764 4.78542
-0.117263 0.992953 -0.017157 110.798 -0.993074 -0.117115 0.00937401 -86.291 0.0072986 0.0181374 0.999809 4.82317
-0.115146 0.993224 -0.0157158 110.625 -0.99322 -0.114862 0.0179009 -87.9714 0.0159744 0.0176705 0.999716 4.85935
-0.112581 0.993492 -0.0172963 110.436 -0.993529 -0.112287 0.0170916 -89.7011 0.0150382 0.0191086 0.999704 4.91397
-0.109355 0.993887 -0.0151678 110.261 -0.99391 -0.109124 0.0153381 -91.4161 0.0135892 0.0167527 0.999767 4.96016
-0.108352 0.994001 -0.0148758 110.081 -0.994055 -0.108173 0.0123434 -93.1479 0.0106602 0.0161248 0.999813 5.00671
-0.106456 0.994153 -0.0180947 109.892 -0.994271 -0.106257 0.0116044 -94.8401 0.0096139 0.0192264 0.999769 5.04825
-0.106277 0.994161 -0.018695 109.714 -0.994237 -0.105982 0.0161576 -96.5386 0.0140819 0.0203045 0.999695 5.09194
-0.107617 0.994077 -0.0151202 109.558 -0.994146 -0.107453 0.0112976 -98.2349 0.009606 0.0162475 0.999822 5.14894
-0.107913 0.994066 -0.0137296 109.4 -0.994057 -0.107693 0.0158962 -99.888 0.0143233 0.0153634 0.999779 5.19981
-0.111281 0.993719 -0.0118277 109.234 -0.993648 -0.111057 0.0181934 -101.541 0.0167656 0.0137771 0.999765 5.23811
-0.109695 0.993861 -0.0144236 109.069 -0.993817 -0.109417 0.0188381 -103.181 0.0171443 0.0164009 0.999719 5.28868
-0.112826 0.993532 -0.0128231 108.889 -0.993412 -0.112534 0.0216276 -104.816 0.0200447 0.0151788 0.999684 5.348
-0.114283 0.993344 -0.0144111 108.716 -0.993236 -0.113946 0.0223178 -106.406 0.0205272 0.0168642 0.999647 5.40668
-0.119327 0.992756 -0.0140208 108.532 -0.992571 -0.118943 0.0256179 -107.979 0.0237647 0.0169736 0.999573 5.47403
-0.131299 0.991242 -0.0141456 108.212 -0.991149 -0.130977 0.0216583 -109.751 0.0196159 0.0168641 0.999665 5.38843
-0.135225 0.990725 -0.0133364 108.011 -0.99066 -0.134953 0.0195326 -111.279 0.0175517 0.0158531 0.99972 5.44396
-0.141533 0.989878 -0.010455 107.818 -0.989525 -0.141163 0.0302107 -112.802 0.0284291 0.0146213 0.999489 5.503
-0.147871 0.988916 -0.0133599 107.605 -0.988531 -0.147367 0.0330169 -114.336 0.0306821 0.0180889 0.999365 5.55308
-0.150951 0.988405 -0.0163862 107.376 -0.988244 -0.150478 0.0270065 -115.857 0.0242276 0.0202702 0.999501 5.61593
-0.154041 0.98797 -0.0136239 107.143 -0.987729 -0.153615 0.0281652 -117.363 0.0257336 0.0177953 0.99951 5.68884
-0.160238 0.986998 -0.0125701 106.913 -0.986578 -0.159738 0.0338884 -118.845 0.0314399 0.0178316 0.999347 5.74748
-0.16437 0.986333 -0.0113957 106.664 -0.985747 -0.163831 0.0382351 -120.324 0.0358456 0.0175179 0.999204 5.80662
-0.172489 0.984913 -0.0139284 106.443 -0.984428 -0.171884 0.0368315 -121.745 0.0338818 0.0200645 0.999224 5.87264
-0.180252 0.983418 -0.01997 106.224 -0.983449 -0.179804 0.0223454 -123.322 0.0183842 0.0236672 0.999551 5.71921
-0.198037 0.980012 -0.0188959 105.921 -0.980034 -0.197619 0.0219245 -124.754 0.0177521 0.0228605 0.999581 5.77103
-0.222305 0.974788 -0.0191775 105.623 -0.974763 -0.221801 0.025325 -126.147 0.020433 0.0243234 0.999495 5.81947
-0.24488 0.969277 -0.0231487 105.276 -0.969396 -0.24434 0.0238496 -127.556 0.0174608 0.0282806 0.999448 5.86478
-0.279968 0.959157 -0.0404546 104.507 -0.959918 -0.279111 0.0255705 -130.268 0.0132347 0.045992 0.998854 5.95381
-0.290085 0.956045 -0.0427578 104.081 -0.956946 -0.289298 0.0237008 -131.646 0.0102893 0.0477921 0.998804 5.98028
-0.290698 0.955289 -0.0540216 103.659 -0.956808 -0.29002 0.0201613 -132.998 0.00359245 0.0575492 0.998336 6.01786
-0.292938 0.954303 -0.0590968 103.249 -0.956087 -0.291767 0.027741 -134.301 0.00923083 0.0646281 0.997867 6.04011
-0.289488 0.955288 -0.0601724 102.861 -0.957144 -0.288349 0.0270219 -135.627 0.0084631 0.0654162 0.997822 6.06449
-0.287407 0.955599 -0.0650156 102.463 -0.957789 -0.286307 0.0258479 -136.932 0.00608584 0.0697001 0.997549 6.10087
-0.281832 0.957123 -0.0669846 102.089 -0.959434 -0.280587 0.027515 -138.204 0.00754018 0.0720219 0.997375 6.12997
-0.275109 0.958909 -0.069348 101.71 -0.961382 -0.273809 0.0277904 -139.46 0.0076603 0.0743154 0.997205 6.15127
-0.264809 0.96167 -0.0711794 101.384 -0.964292 -0.263762 0.0238968 -140.7 0.00420645 0.0749658 0.997177 6.18742
-0.257211 0.963504 -0.0741754 101.054 -0.966345 -0.256095 0.0243469 -141.911 0.00446235 0.0779413 0.996948 6.19893
-0.251286 0.964981 -0.0752835 100.745 -0.967909 -0.250293 0.0224952 -143.122 0.00286446 0.0785203 0.996908 6.2386
-0.240649 0.967506 -0.0775917 100.476 -0.970612 -0.239951 0.0183425 -144.507 -0.000871753 0.0797255 0.996816 6.12288
-0.228669 0.970335 -0.0784855 100.213 -0.973504 -0.228015 0.0173237 -145.668 -0.00108609 0.0803673 0.996765 6.13516
-0.212718 0.974194 -0.0754854 99.9583 -0.977113 -0.211993 0.0175879 -146.808 0.00113173 0.077499 0.996992 6.14202
-0.191583 0.978315 -0.0787083 99.7291 -0.981476 -0.190922 0.015903 -147.963 0.000530979 0.0802971 0.996771 6.1661
-0.163001 0.983713 -0.0757591 99.5717 -0.986625 -0.162431 0.013668 -149.122 0.00113974 0.0769737 0.997032 6.19365
-0.118816 0.990186 -0.0735782 99.4572 -0.992913 -0.11831 0.0112119 -150.261 0.00239684 0.0743889 0.997226 6.2212
-0.0755608 0.994891 -0.0669579 99.3795 -0.99711 -0.0748605 0.0129107 -151.403 0.00783227 0.06774 0.997672 6.25837
-0.0381567 0.997494 -0.0595768 99.3603 -0.999185 -0.037302 0.0153932 -152.488 0.0131323 0.0601157 0.998105 6.29181
-0.0214305 0.998675 -0.0467895 99.3611 -0.999723 -0.0209499 0.0107387 -153.573 0.00974424 0.0470067 0.998847 6.33176
-0.0327121 0.998782 -0.0369347 99.355 -0.99946 -0.0325727 0.00436931 -154.662 0.00316093 0.0370576 0.999308 6.36007
-0.0526564 0.997951 -0.0363384 99.3109 -0.998612 -0.0525971 0.00258668 -155.726 0.000670087 0.0364242 0.999336 6.37184
-0.0756866 0.99647 -0.0363238 99.2507 -0.99713 -0.0757085 0.000775343 -156.781 -0.00197741 0.0362782 0.99934 6.38816
-0.103639 0.994086 -0.0324292 99.1587 -0.994609 -0.103697 -0.000133679 -157.803 -0.00349571 0.0322405 0.999474 6.38826
-0.134369 0.990456 -0.0307008 99.0166 -0.990912 -0.134497 -0.00213173 -158.827 -0.00624055 0.0301353 0.999526 6.40043
-0.164512 0.985792 -0.0339068 98.8703 -0.986314 -0.164787 -0.0054651 -159.834 -0.0109749 0.0325437 0.99941 6.41562
-0.189457 0.981281 -0.0345561 98.6875 -0.981832 -0.189709 -0.00411797 -160.824 -0.0105965 0.0331481 0.999394 6.40962
-0.210135 0.976876 -0.039461 98.4649 -0.977615 -0.210387 -0.00230762 -161.821 -0.0105563 0.0380928 0.999218 6.41695
-0.222583 0.974159 -0.0383642 98.2342 -0.974834 -0.222895 -0.00399578 -162.799 -0.0124437 0.0365093 0.999256 6.4236
-0.223425 0.973976 -0.0381062 97.9111 -0.974606 -0.223828 -0.0066306 -164.217 -0.0149873 0.0356571 0.999252 6.43797
-0.232223 0.972234 -0.0288622 97.5882 -0.972591 -0.232465 -0.00526129 -165.639 -0.0118246 0.0268493 0.99957 6.43436
-0.243435 0.969271 -0.035409 97.3497 -0.969863 -0.243646 -0.00168079 -166.616 -0.0102564 0.0339327 0.999371 6.43397
-0.254106 0.966345 -0.0401014 97.0872 -0.967092 -0.254414 -0.00268819 -167.635 -0.0128001 0.0380986 0.999192 6.43904
-0.265122 0.963564 -0.0354135 96.8088 -0.964123 -0.265425 -0.00405886 -168.672 -0.0133106 0.0330669 0.999365 6.43053
-0.275547 0.960352 -0.0424027 96.4871 -0.961278 -0.275473 0.00768082 -169.891 -0.00430452 0.0428772 0.999071 6.68197
-0.284001 0.957862 -0.0429461 96.1652 -0.958819 -0.28386 0.00947801 -170.959 -0.00311206 0.0438693 0.999032 6.70763
-0.291124 0.955494 -0.0477196 95.8309 -0.956651 -0.291171 0.00611838 -172.057 -0.0080485 0.0474322 0.998842 6.70432
-0.296632 0.953796 -0.0477752 95.4843 -0.954938 -0.296777 0.00420273 -173.153 -0.01017 0.046869 0.998849 6.7094
-0.298903 0.952601 -0.0566408 95.1388 -0.954166 -0.299272 0.00205845 -174.261 -0.0149901 0.05466 0.998392 6.71319
-0.297183 0.953084 -0.0575558 94.7974 -0.954743 -0.297389 0.00514677 -175.353 -0.0122112 0.0564805 0.998329 6.70918
-0.294803 0.953884 -0.056536 94.467 -0.955464 -0.295086 0.00346628 -176.439 -0.0133766 0.05504 0.998395 6.71536
-0.288655 0.955762 -0.0565549 94.1476 -0.957356 -0.288876 0.00439892 -177.516 -0.012133 0.055413 0.99839 6.71673
-0.281733 0.957944 -0.0544869 93.845 -0.959459 -0.281745 0.00762172 -178.549 -0.00805024 0.0544252 0.998485 6.71582
-0.276602 0.959519 -0.0530489 93.5793 -0.960932 -0.276743 0.00480773 -179.566 -0.0100678 0.0523062 0.99858 6.72081
-0.257684 0.964534 -0.0572127 93.2062 -0.966044 -0.258342 -0.00428098 -180.957 -0.0189096 0.0541668 0.998353 6.72752
-0.228617 0.971666 -0.0599931 92.91 -0.973295 -0.229445 -0.0072127 -182.225 -0.0207735 0.056742 0.998173 6.73223
-0.174188 0.98329 -0.0529092 92.6889 -0.984662 -0.174472 -0.000756054 -183.425 -0.00997461 0.051966 0.998599 6.75269
-0.093622 0.994568 -0.0454803 92.5855 -0.995588 -0.0938079 -0.00196701 -184.613 -0.00622274 0.0450955 0.998963 6.74926
0.000418285 0.999326 -0.0367151 92.582 -0.999973 0.000148599 -0.00734777 -185.778 -0.00733736 0.0367172 0.999299 6.7692
0.0814944 0.996348 -0.0254987 92.471 -0.99667 0.0813974 -0.00482099 -186.765 -0.00272786 0.0258066 0.999663 7.02454
0.183042 0.982766 -0.0258299 92.6657 -0.983105 0.182998 -0.0041125 -187.882 0.000685186 0.0261463 0.999658 7.04012
0.305252 0.951913 -0.0261404 93.0547 -0.952177 0.305494 0.00571058 -188.973 0.0134217 0.0231471 0.999642 7.07757
0.42563 0.904416 -0.0295071 93.3804 -0.904494 0.426188 0.0159398 -190.052 0.0269918 0.0199046 0.999437 7.1316
0.553246 0.832056 -0.0400207 94.1193 -0.832161 0.554218 0.0187421 -191.195 0.0377747 0.0229346 0.999023 7.19671
0.661033 0.749693 -0.0315439 94.9083 -0.749502 0.661703 0.019924 -192.282 0.0358096 0.0104718 0.999304 7.24274
0.7287 0.684047 -0.0328146 95.6721 -0.68377 0.729402 0.0207874 -192.989 0.0381546 0.00728989 0.999245 7.28333
0.785134 0.618398 -0.0338841 96.5568 -0.618182 0.785834 0.0177765 -193.664 0.0376202 0.00698964 0.999268 7.33234
0.828639 0.558811 -0.0329597 97.5551 -0.558607 0.829279 0.0159861 -194.312 0.036266 0.00516477 0.999329 7.37831
0.858677 0.51165 -0.0298107 98.613 -0.511411 0.859192 0.0157367 -194.971 0.0336648 0.00173276 0.999432 7.41992
0.882853 0.46889 -0.0267106 99.796 -0.468722 0.883256 0.0126181 -195.574 0.0295087 0.00137992 0.999564 7.47328
0.899131 0.436714 -0.0290604 101.044 -0.43675 0.899567 0.00544955 -196.207 0.0285216 0.00779225 0.999563 7.52179
0.916404 0.399102 -0.0303573 102.396 -0.399183 0.916864 0.00360249 -196.799 0.0292713 0.00881677 0.999533 7.58057
0.927356 0.372879 -0.0311875 103.878 -0.372896 0.927857 0.00549289 -197.374 0.0309857 0.00653582 0.999498 7.6476
0.933921 0.356312 -0.0288523 105.349 -0.35625 0.934361 0.00744573 -197.917 0.0296114 0.0033249 0.999556 7.71849
0.936609 0.349265 -0.0278942 106.843 -0.349221 0.937017 0.00658672 -198.462 0.0284379 0.00357208 0.999589 7.77823
0.937309 0.347269 -0.0292525 108.439 -0.347364 0.937728 0.00194602 -199.047 0.0281067 0.00833724 0.99957 7.83323
0.936079 0.350213 -0.0332808 110.089 -0.350398 0.936601 0.000299587 -199.642 0.0312758 0.0113811 0.999446 7.89953
0.93629 0.349937 -0.030081 111.745 -0.350001 0.936744 0.00327789 -200.266 0.0293253 0.00745934 0.999542 7.98068
0.938566 0.344415 -0.0217287 113.476 -0.344461 0.938799 0.00170252 -200.642 0.0209853 0.00588678 0.999762 7.8909
0.937382 0.347538 -0.0230673 115.167 -0.347685 0.937608 -0.00256913 -201.269 0.0207352 0.0104284 0.999731 7.94576
0.937996 0.345957 -0.0218653 116.885 -0.346102 0.938192 -0.003108 -201.891 0.0194386 0.0104829 0.999756 8.01389
0.937967 0.345879 -0.0241953 118.607 -0.34605 0.938211 -0.00318026 -202.525 0.0216003 0.0113558 0.999702 8.08707
0.938278 0.344955 -0.0253083 120.331 -0.345169 0.93853 -0.00448262 -203.145 0.0222063 0.0129416 0.99967 8.15591
0.939675 0.340894 -0.0283159 122.005 -0.341131 0.940008 -0.00386231 -203.763 0.0253005 0.0132887 0.999592 8.22427
0.939025 0.342638 -0.0288278 123.72 -0.342919 0.93935 -0.00527814 -204.385 0.0252709 0.0148419 0.99957 8.29206
0.9458 0.324033 -0.0215451 125.583 -0.324195 0.94598 -0.00439623 -204.747 0.0189567 0.0111428 0.999758 8.28475
0.946195 0.322823 -0.0223642 127.353 -0.322872 0.946442 0.00146813 -205.336 0.0216403 0.00583162 0.999749 8.34615
0.947073 0.320236 -0.0224019 129.106 -0.32039 0.947279 -0.00358972 -205.925 0.0200713 0.0105771 0.999743 8.41176
0.947521 0.318997 -0.0210905 130.786 -0.319097 0.947721 -0.00146547 -206.485 0.0195204 0.00811849 0.999776 8.47966
0.949756 0.312232 -0.0217712 132.471 -0.312307 0.949981 -4.98286e-05 -207.029 0.0206667 0.00684664 0.999763 8.55284
0.951059 0.308289 -0.0211111 134.12 -0.308411 0.951249 -0.00271153 -207.529 0.019246 0.00908973 0.999773 8.61259
0.952727 0.303414 -0.0158638 135.719 -0.303497 0.952827 -0.00312241 -208.049 0.0141681 0.00778942 0.999869 8.67443
0.953545 0.300563 -0.0203526 137.289 -0.300631 0.95374 -0.000295009 -208.544 0.0193225 0.00639995 0.999793 8.72588
0.954421 0.297686 -0.0215546 138.762 -0.297738 0.954647 0.000833088 -209.011 0.020825 0.00562249 0.999767 8.79333
0.956419 0.291524 -0.0166284 140.172 -0.29157 0.95655 -0.000338667 -209.434 0.0158072 0.00517226 0.999862 8.85083
0.958627 0.284266 -0.0150657 141.508 -0.284326 0.958726 -0.00190444 -209.84 0.0139025 0.0061092 0.999885 8.9062
0.960162 0.279039 -0.0150484 142.734 -0.279051 0.960275 0.00134147 -210.19 0.0148249 0.00291125 0.999886 8.95343
0.963471 0.267491 -0.0131285 144.067 -0.267503 0.963557 0.000806578 -210.305 0.0128658 0.00273479 0.999913 8.85916
0.963672 0.266644 -0.0154261 145.128 -0.266634 0.963794 0.00273826 -210.59 0.0155978 0.00147435 0.999877 8.88808
0.963933 0.265562 -0.017592 146.114 -0.265561 0.964091 0.00245862 -210.855 0.0176132 0.00230181 0.999842 8.931
0.96539 0.260274 -0.0167227 147.518 -0.260217 0.965534 0.0055527 -211.198 0.0175916 -0.00100898 0.999845 8.98299
0.972019 0.23412 -0.0191399 148.865 -0.234168 0.972196 -0.00025282 -211.523 0.0185485 0.00472768 0.999817 9.04818
0.983609 0.179178 -0.0202331 150.192 -0.179161 0.983816 0.00266915 -211.768 0.0203839 0.000999586 0.999792 9.09271
0.996002 0.0874113 -0.0184006 151.501 -0.0873862 0.996172 0.00216927 -211.893 0.0185198 -0.000552644 0.999828 9.14089
0.999252 -0.0364561 -0.012906 152.754 0.0365985 0.99927 0.0109772 -211.799 0.0124963 -0.0114414 0.999856 9.1862
0.986858 -0.161553 -0.00339715 153.852 0.161589 0.986636 0.0209617 -211.809 -3.46821e-05 -0.0212352 0.999775 9.12821
0.950611 -0.310376 0.00226166 154.978 0.310196 0.950264 0.0278784 -211.438 -0.010802 -0.0258 0.999609 9.13898
0.886399 -0.462902 0.00440872 155.987 0.462419 0.885837 0.0382248 -210.917 -0.0215997 -0.0318437 0.999259 9.15301
0.798418 -0.602094 0.00342946 156.844 0.601513 0.797874 0.0397313 -210.427 -0.0266582 -0.0296593 0.999205 9.14314
0.679977 -0.73319 0.0079996 157.581 0.73235 0.679653 0.0416538 -209.629 -0.0359771 -0.0224651 0.9991 9.11661
0.54771 -0.836667 0.00172471 158.12 0.835483 0.547042 0.0520763 -208.716 -0.044514 -0.0270817 0.998642 9.09994
0.417397 -0.908665 -0.0103884 158.614 0.907954 0.416545 0.0459239 -207.898 -0.0374022 -0.0286007 0.998891 9.10755
0.301356 -0.953299 -0.0201366 158.883 0.952901 0.30034 0.0421403 -206.847 -0.0341245 -0.0318875 0.998909 9.0803
0.214828 -0.97658 -0.0118315 159.127 0.97594 0.214194 0.0407581 -205.711 -0.0372693 -0.0203028 0.999099 9.04719
0.163134 -0.986378 -0.0211159 159.267 0.985748 0.162064 0.0451226 -204.463 -0.0410858 -0.028176 0.998758 8.99688
0.109744 -0.99395 -0.00446416 159.432 0.993374 0.109524 0.034824 -203.032 -0.0341244 -0.00825632 0.999383 8.94478
0.0517183 -0.998518 -0.0169678 159.537 0.99803 0.0510736 0.0364495 -200.888 -0.0355289 -0.0188195 0.999191 8.87887
0.0345483 -0.999195 -0.0203901 159.546 0.998616 0.0337043 0.0403771 -199.69 -0.0396573 -0.0217568 0.998976 8.83997
0.023595 -0.99938 -0.0261192 159.56 0.998926 0.0225259 0.0404978 -198.415 -0.0398844 -0.0270466 0.998838 8.80067
0.0240617 -0.999146 -0.0335806 159.565 0.998981 0.0227479 0.0389713 -197.068 -0.0381741 -0.0344842 0.998676 8.75767
0.0192304 -0.998885 -0.0431115 159.302 0.999355 0.0178955 0.0311399 -195.674 -0.0303337 -0.0436825 0.998585 8.81205
0.0349118 -0.998435 -0.0436984 159.359 0.99886 0.033435 0.0340808 -194.185 -0.0325664 -0.0448383 0.998463 8.76833
0.0540994 -0.997491 -0.0456665 159.414 0.998107 0.0526801 0.0317322 -192.649 -0.0292468 -0.0472968 0.998453 8.73678
0.0733661 -0.996015 -0.0507051 159.498 0.996821 0.0716516 0.0348448 -191.007 -0.0310728 -0.0531003 0.998106 8.69719
0.0766091 -0.995615 -0.0536769 159.381 0.996617 0.0748576 0.0339175 -189.285 -0.0297507 -0.0560938 0.997982 8.65413
0.09626 -0.994013 -0.0517004 159.519 0.994741 0.094245 0.0400971 -187.553 -0.0349845 -0.0552883 0.997857 8.6139
0.114463 -0.992252 -0.0483082 159.708 0.99282 0.112557 0.0405008 -185.807 -0.0347496 -0.0525971 0.998011 8.57837
0.124826 -0.990986 -0.0486368 159.921 0.991659 0.123024 0.038448 -184.076 -0.0321179 -0.0530304 0.998076 8.54438
0.127602 -0.990611 -0.0490735 160.14 0.991236 0.125665 0.0407372 -182.318 -0.0341878 -0.0538416 0.997964 8.50727
0.131892 -0.989978 -0.0504704 160.353 0.990748 0.130008 0.038951 -180.526 -0.0319991 -0.0551408 0.997966 8.46814
0.132519 -0.989841 -0.0515144 160.58 0.990659 0.130584 0.0392816 -178.787 -0.0321556 -0.0562388 0.997899 8.43944
0.118186 -0.991482 -0.0547304 160.529 0.992423 0.116073 0.0403061 -176.914 -0.0336101 -0.0590793 0.997687 8.3598
0.1201 -0.991035 -0.058522 160.722 0.992185 0.117812 0.041106 -175.138 -0.0338429 -0.0630015 0.997439 8.3241
0.120775 -0.990864 -0.0600208 160.933 0.992187 0.118588 0.0387635 -173.348 -0.0312916 -0.0642335 0.997444 8.29241
0.11878 -0.991114 -0.059865 161.134 0.992426 0.116602 0.0386622 -171.555 -0.0313383 -0.0640039 0.997457 8.24531
0.116042 -0.991308 -0.0619911 161.318 0.992634 0.113556 0.0422302 -169.82 -0.0348237 -0.066435 0.997183 8.21791
0.114101 -0.991403 -0.0640451 161.501 0.992932 0.111682 0.0401756 -168.057 -0.0326775 -0.0681765 0.997138 8.17734
0.117499 -0.991014 -0.0639151 161.687 0.992488 0.114979 0.041791 -166.318 -0.0340666 -0.0683454 0.99708 8.14539
0.119602 -0.990739 -0.0642705 161.888 0.992305 0.117201 0.0399294 -164.535 -0.0320271 -0.0685516 0.997133 8.11361
0.122863 -0.990137 -0.0673256 162.094 0.991899 0.120309 0.0407645 -162.747 -0.0322626 -0.0717886 0.996898 8.09594
0.123558 -0.990206 -0.065007 162.292 0.991796 0.121062 0.041045 -161.013 -0.0327731 -0.0695451 0.99704 8.06666
0.130808 -0.98917 -0.0665682 162.49 0.990877 0.128246 0.0414256 -159.273 -0.0324399 -0.0713797 0.996922 8.03912
0.126926 -0.989654 -0.0668916 162.709 0.991472 0.124572 0.0382691 -157.553 -0.0295404 -0.0711785 0.997026 8.01763
0.130778 -0.989349 -0.0639172 162.932 0.990946 0.128468 0.0390249 -155.83 -0.030398 -0.068442 0.997192 7.99341
0.129023 -0.989349 -0.0673909 163.15 0.991218 0.126685 0.0379071 -154.078 -0.0289659 -0.07169 0.997006 7.94729
0.131924 -0.98928 -0.0626235 163.36 0.990845 0.129779 0.0371841 -152.351 -0.0286583 -0.0669557 0.997344 7.92609
0.134361 -0.988959 -0.062504 163.591 0.990574 0.132349 0.0352973 -150.588 -0.0266353 -0.0666574 0.99742 7.88981
0.139756 -0.98824 -0.0620418 163.819 0.989667 0.137379 0.0410725 -148.594 -0.0320663 -0.0671408 0.997228 7.69401
0.141158 -0.987698 -0.0672839 164.041 0.989246 0.138096 0.0481884 -146.826 -0.0383039 -0.0733625 0.996569 7.65783
0.139183 -0.987844 -0.0692263 164.282 0.989674 0.136342 0.0442193 -145.024 -0.0342432 -0.0746661 0.99662 7.61315
0.13891 -0.988007 -0.0674311 164.517 0.989838 0.136432 0.0400781 -143.206 -0.0303977 -0.0723131 0.996919 7.58623
0.138249 -0.98817 -0.0663816 164.796 0.989861 0.135656 0.0421108 -141.357 -0.0326076 -0.0715303 0.996905 7.54869
0.126959 -0.989784 -0.0648759 165.039 0.991367 0.124459 0.0412483 -139.496 -0.0327525 -0.0695526 0.99704 7.51369
0.118905 -0.990618 -0.0673553 165.233 0.992273 0.116134 0.0436752 -137.652 -0.0354432 -0.072028 0.996773 7.47002
0.108515 -0.991832 -0.0670389 165.449 0.993507 0.105885 0.0416227 -135.761 -0.0341843 -0.0711203 0.996882 7.43065
0.103532 -0.992424 -0.0661553 165.636 0.99409 0.101064 0.0396293 -133.843 -0.0326431 -0.0698673 0.997022 7.39204
0.0999504 -0.992774 -0.0664129 165.834 0.994601 0.0978174 0.0346363 -131.926 -0.0278897 -0.0695163 0.997191 7.34121
0.0972774 -0.993549 -0.0582958 166.013 0.994765 0.0952196 0.0370998 -129.971 -0.0313096 -0.0615996 0.99761 7.31701
0.0973989 -0.993636 -0.0565711 166.196 0.994626 0.095175 0.0407646 -128.004 -0.035121 -0.0602375 0.997566 7.2781
0.0955788 -0.99371 -0.0583541 166.352 0.99479 0.0932653 0.0411644 -126.07 -0.0354631 -0.0619845 0.997447 7.2446
0.0934805 -0.993786 -0.0604149 166.533 0.994937 0.0909951 0.0426624 -124.145 -0.0368998 -0.0640971 0.997261 7.20453
0.0928415 -0.993921 -0.0591677 166.693 0.995056 0.0905143 0.0408729 -122.177 -0.0352689 -0.0626699 0.997411 7.16871
0.0913908 -0.993768 -0.0638245 166.86 0.995279 0.0890501 0.0386084 -120.231 -0.0326842 -0.0670516 0.997214 7.11729
0.0919419 -0.993789 -0.0626982 167.02 0.995264 0.0897175 0.0374213 -118.318 -0.0315637 -0.0658418 0.997331 7.08226
0.093431 -0.993454 -0.065722 167.195 0.995119 0.0910738 0.0379981 -116.385 -0.0317638 -0.0689514 0.997114 7.04808
0.0862915 -0.994259 -0.0632754 167.293 0.995644 0.0838119 0.0408512 -114.246 -0.0353135 -0.0665249 0.99716 6.87091
0.0843267 -0.994301 -0.0652228 167.435 0.995828 0.0818033 0.0404429 -112.323 -0.034877 -0.0683611 0.997051 6.83942
0.0858285 -0.994228 -0.0643718 167.568 0.995742 0.0834195 0.0392259 -110.366 -0.0336296 -0.0674644 0.997155 6.80594
0.0864969 -0.994033 -0.0664547 167.727 0.995697 0.0840307 0.0390558 -108.42 -0.0332386 -0.069547 0.997025 6.77226
0.0864253 -0.994001 -0.0670338 167.884 0.995585 0.0836973 0.0424943 -106.457 -0.0366288 -0.0704105 0.996845 6.73321
0.0877392 -0.994049 -0.0645618 168.042 0.995559 0.0852838 0.0398573 -104.531 -0.034114 -0.0677721 0.997117 6.68366
0.0875081 -0.99382 -0.0682888 168.194 0.995557 0.084856 0.0408215 -102.603 -0.0347745 -0.0715576 0.99683 6.64939
0.0868622 -0.993374 -0.0752498 168.317 0.995774 0.0843156 0.0363878 -100.716 -0.0298019 -0.0780926 0.996501 6.59701
0.0891359 -0.992682 -0.0814688 168.467 0.995606 0.0864434 0.0360067 -98.7644 -0.0287008 -0.0843203 0.996025 6.55768
0.0930717 -0.99243 -0.0801272 168.655 0.995211 0.0903134 0.037394 -96.8081 -0.0298744 -0.0832238 0.996083 6.5327
0.0973959 -0.992369 -0.0756221 168.82 0.994715 0.0945821 0.0399479 -94.888 -0.0324906 -0.0791132 0.996336 6.5102
0.102371 -0.992026 -0.0735143 168.994 0.994228 0.099653 0.0397383 -92.9704 -0.0320955 -0.0771581 0.996502 6.47807
0.106521 -0.991503 -0.0746672 169.18 0.993848 0.103881 0.0384035 -91.0387 -0.0303208 -0.0782986 0.996469 6.45223
0.10915 -0.990901 -0.0787491 169.372 0.993653 0.106597 0.0359368 -89.1272 -0.0272154 -0.0821718 0.996247 6.41101
0.110027 -0.99086 -0.0780404 169.567 0.993598 0.107627 0.0343404 -87.1951 -0.0256273 -0.0813192 0.996359 6.37873
0.109367 -0.991037 -0.0767162 169.771 0.993664 0.106992 0.0344313 -85.2471 -0.0259147 -0.0799957 0.996458 6.35069
0.109156 -0.991129 -0.0758117 169.971 0.993689 0.106819 0.0342305 -83.2882 -0.0258287 -0.0790697 0.996534 6.33154
0.107814 -0.99183 -0.0681903 170.177 0.993602 0.105178 0.0411413 -81.3403 -0.0336331 -0.0721896 0.996824 6.29966
0.109448 -0.991798 -0.0660089 170.493 0.993228 0.106518 0.0463872 -79.2624 -0.0389756 -0.0706388 0.99674 6.0299
