0.999917 -0.0126074 -0.00279554 3.83456 0.0126072 0.999921 -8.96567e-05 0.00906993 0.00279644 5.44054e-05 0.999996 0.0885381
0.999835 -0.0167257 -0.00704512 4.95915 0.0167059 0.999856 -0.00286832 0.0324684 0.00709208 0.00275016 0.999971 0.113959
0.999805 -0.017598 -0.00895984 6.10454 0.0175392 0.999824 -0.00659249 0.0571058 0.00907428 0.00643406 0.999938 0.13983
0.999718 -0.0215534 -0.0100007 7.27597 0.0214841 0.999745 -0.00698842 0.0901303 0.0101488 0.00677159 0.999926 0.166083
0.999496 -0.0267381 -0.0171103 8.48204 0.0266774 0.999637 -0.00376452 0.128095 0.0172047 0.00330617 0.999847 0.193008
0.99949 -0.028248 -0.0148976 9.73433 0.0282128 0.999599 -0.00256871 0.169397 0.0149642 0.0021471 0.999886 0.220915
0.999567 -0.0292923 0.00275502 11.046 0.0292867 0.999569 0.00202707 0.215161 -0.00281321 -0.00194551 0.999994 0.250078
0.99945 -0.0331481 0.000934574 12.4094 0.0331409 0.999427 0.00683727 0.265934 -0.00116068 -0.00680253 0.999976 0.280309
0.999335 -0.0358734 -0.00650754 13.836 0.0359124 0.999337 0.00597558 0.318996 0.00628886 -0.00620531 0.999961 0.311942
0.999256 -0.037905 0.00710279 15.3373 0.037883 0.999277 0.00321698 0.355828 -0.0072196 -0.00294551 0.99997 0.34573
0.99916 -0.0389351 0.0127796 16.9082 0.0389181 0.999241 0.0015715 0.399897 -0.0128311 -0.00107282 0.999917 0.380939
0.999177 -0.0398126 0.00778305 18.5499 0.0398021 0.999206 0.00149056 0.449664 -0.00783622 -0.00117955 0.999969 0.417637
0.999281 -0.0377368 -0.00358258 20.2428 0.0377314 0.999287 -0.00154861 0.479519 0.00363847 0.00141232 0.999992 0.456041
0.999337 -0.0344714 -0.0116808 22.009 0.034439 0.999402 -0.00296534 0.515643 0.011776 0.0025611 0.999927 0.49598
0.999283 -0.0357702 -0.0124349 23.8434 0.0357492 0.999359 -0.00190642 0.554194 0.0124951 0.00146052 0.999921 0.537431
0.99925 -0.0359848 -0.0142923 25.7485 0.036012 0.99935 0.00165273 0.596199 0.0142235 -0.00216619 0.999896 0.580428
0.999196 -0.0377406 -0.0134915 27.7008 0.0378196 0.999269 0.00564868 0.640801 0.0132684 -0.00615438 0.999893 0.624448
0.999175 -0.0377337 -0.0150406 29.678 0.0378502 0.999255 0.00753339 0.691643 0.0147451 -0.00809646 0.999859 0.668881
0.999154 -0.0395587 -0.0112059 31.6869 0.039667 0.999167 0.00960695 0.746047 0.0108165 -0.0100433 0.999891 0.713953
0.999148 -0.0396798 -0.0113392 32.703 0.0397884 0.999163 0.00951876 0.774105 0.010952 -0.00996182 0.99989 0.736737
0.999194 -0.0390448 -0.00936933 34.758 0.0391203 0.999202 0.00801839 0.833076 0.00904878 -0.00837845 0.999924 0.782755
0.99916 -0.0401753 -0.00807724 35.7977 0.0402372 0.999161 0.00765278 0.862626 0.00776301 -0.00797136 0.999938 0.806044
0.999235 -0.038938 -0.00350482 36.8446 0.0389578 0.999224 0.00577436 0.892553 0.00327726 -0.00590649 0.999977 0.829491
0.999226 -0.0391589 -0.00386634 37.8984 0.0391897 0.999198 0.0082362 0.924101 0.00354071 -0.00838134 0.999959 0.853054
0.999143 -0.0411567 -0.00448824 38.9588 0.041188 0.999126 0.00711735 0.957157 0.0041914 -0.00729611 0.999965 0.87673
0.999158 -0.0409291 -0.0029725 40.0265 0.0409544 0.99912 0.00901656 0.9916 0.00260084 -0.00913071 0.999955 0.90054
0.998978 -0.0451273 -0.00251085 41.0992 0.0451427 0.99896 0.00645353 1.01147 0.00221701 -0.00656028 0.999976 0.924846
0.998997 -0.0446686 -0.00298912 42.1751 0.0446918 0.998967 0.00819596 1.03626 0.00261993 -0.00832133 0.999962 0.949096
0.998892 -0.0470296 -0.00174 43.2487 0.0470404 0.99887 0.00681813 1.06827 0.00141738 -0.00689242 0.999975 0.973105
0.998958 -0.0456215 -0.00100184 44.322 0.0456278 0.99893 0.00753672 1.10269 0.000656936 -0.00757458 0.999971 0.997045
0.998852 -0.0478924 0.000534243 45.3947 0.0478883 0.998835 0.00596266 1.13912 -0.000819187 -0.00593023 0.999982 1.02091
0.998874 -0.0473458 -0.003146 46.4673 0.0473726 0.998836 0.0090928 1.17634 0.00271183 -0.00923159 0.999954 1.04476
0.998925 -0.0461592 -0.00430803 47.5304 0.0461954 0.998894 0.00871665 1.22281 0.00390092 -0.00890629 0.999953 1.06815
0.998838 -0.0477711 -0.00637258 48.5991 0.0478466 0.998779 0.0122641 1.26735 0.00577893 -0.0125547 0.999904 1.09171
0.998935 -0.0458987 -0.00463468 49.6672 0.0459525 0.998868 0.0122681 1.31185 0.00406634 -0.012468 0.999914 1.11527
0.999029 -0.0440089 -0.00218722 50.7445 0.044034 0.998943 0.0131571 1.35339 0.00160588 -0.0132406 0.999911 1.13911
0.999019 -0.0441799 -0.00291971 51.8196 0.0442136 0.998941 0.0127259 1.39489 0.00235439 -0.0128426 0.999915 1.1629
0.999079 -0.0428476 -0.00217901 52.8936 0.0428701 0.999013 0.0116068 1.43434 0.00167954 -0.0116895 0.99993 1.18672
0.999046 -0.043627 -0.00190125 53.9696 0.0436455 0.998985 0.0111355 1.4747 0.00141351 -0.0112079 0.999936 1.21057
0.999103 -0.0421251 -0.00433549 55.0413 0.0421755 0.999035 0.012271 1.51708 0.00381439 -0.0124429 0.999915 1.23426
0.999029 -0.0436601 -0.0059725 56.1133 0.043727 0.998976 0.0115858 1.55855 0.00546055 -0.0118357 0.999915 1.25798
0.999046 -0.0428764 -0.00833968 57.1832 0.0429512 0.999037 0.00900204 1.60313 0.00794567 -0.00935164 0.999925 1.28157
0.999134 -0.0400517 -0.0113055 58.2534 0.04016 0.999148 0.00951928 1.64763 0.0109146 -0.00996506 0.999891 1.30517
0.999055 -0.0423876 -0.00964151 59.3217 0.0424669 0.999064 0.00816993 1.69361 0.00928618 -0.00857165 0.99992 1.32868
0.999096 -0.0422607 -0.00457642 60.3978 0.0422948 0.999076 0.00764795 1.73662 0.00424899 -0.00783459 0.99996 1.35246
0.999137 -0.0414297 -0.00312405 61.477 0.0414532 0.999109 0.00787081 1.78105 0.00279518 -0.00799351 0.999964 1.37627
0.999188 -0.0403008 0.00012777 62.5583 0.0402997 0.999175 0.00492589 1.82217 -0.000326182 -0.00491674 0.999988 1.40021
0.999118 -0.0419389 0.00195002 63.637 0.0419284 0.999107 0.00516509 1.86406 -0.00216489 -0.00507877 0.999985 1.42408
0.999052 -0.0435245 -0.00110809 64.7155 0.0435295 0.99904 0.00499853 1.89781 0.000889469 -0.00504203 0.999987 1.44815
0.999038 -0.0437719 -0.00284134 65.7955 0.0437799 0.999037 0.00282197 1.93444 0.00271508 -0.00294365 0.999992 1.47218
0.999045 -0.0430779 -0.00731851 66.8776 0.0431021 0.999066 0.00317954 1.97162 0.0071747 -0.00349194 0.999968 1.49625
0.99912 -0.0402803 -0.0116866 67.9606 0.0403301 0.999178 0.00405792 2.00849 0.0115135 -0.00452567 0.999923 1.52034
0.999143 -0.0405372 -0.00832359 69.0473 0.0405928 0.999154 0.00662729 2.04789 0.0080479 -0.00695949 0.999943 1.54445
0.999227 -0.0388076 -0.0062155 70.1334 0.0388687 0.999194 0.010045 2.08751 0.00582066 -0.0102789 0.99993 1.56855
0.999219 -0.0392846 -0.00435825 71.2181 0.0393384 0.999141 0.0130371 2.12277 0.00384235 -0.0131984 0.999906 1.59272
0.999233 -0.0389667 -0.00382438 72.3018 0.0390114 0.999162 0.0124182 2.15688 0.00333727 -0.0125579 0.999916 1.61691
0.999207 -0.0397214 -0.00260257 73.3857 0.0397511 0.99913 0.0125891 2.19015 0.00210025 -0.0126825 0.999917 1.64112
0.99922 -0.0394955 0.000245844 74.4693 0.0394917 0.99918 0.0088898 2.22338 -0.000596749 -0.00887315 0.99996 1.66532
0.999185 -0.0403017 0.00224283 75.5458 0.0402826 0.999156 0.0080059 2.26128 -0.00256359 -0.00790903 0.999965 1.68923
0.999168 -0.0407418 0.00200448 76.6233 0.0407235 0.999135 0.0084274 2.29859 -0.00234609 -0.00833875 0.999962 1.71319
0.999148 -0.0412785 -0.000536814 77.6935 0.0412818 0.999097 0.0100498 2.33882 0.000121489 -0.0100634 0.999949 1.7369
0.999182 -0.0403568 -0.00243207 78.763 0.0403774 0.999143 0.00911285 2.37832 0.00206222 -0.0092036 0.999956 1.76061
0.999095 -0.0425037 -0.00146376 79.8287 0.0425168 0.99904 0.0105856 2.42343 0.00101243 -0.0106383 0.999943 1.78408
0.999152 -0.0411569 0.000734759 80.8935 0.0411449 0.999079 0.0121888 2.46804 -0.00123574 -0.0121483 0.999925 1.80755
0.999022 -0.0439573 0.0047301 81.9571 0.0438902 0.998946 0.013468 2.51489 -0.00531713 -0.0132472 0.999898 1.83093
0.999074 -0.0428642 0.00379539 83.0168 0.042807 0.998985 0.0140498 2.55923 -0.00439376 -0.0138743 0.999894 1.85429
0.999063 -0.0430946 0.00389673 84.0729 0.0430277 0.998948 0.0158621 2.60454 -0.0045762 -0.0156796 0.999867 1.87754
0.999068 -0.0430227 0.00362759 85.123 0.0429631 0.998962 0.0151446 2.64734 -0.00427538 -0.0149746 0.999879 1.90071
0.999012 -0.0442613 0.00408448 86.1661 0.0441995 0.998923 0.0141372 2.69211 -0.00470581 -0.0139427 0.999892 1.92367
0.998954 -0.0455321 0.00424298 87.198 0.045469 0.998869 0.0139372 2.73438 -0.00487277 -0.0137297 0.999894 1.94644
0.998912 -0.04642 0.00457341 88.2155 0.046351 0.998825 0.0141836 2.77777 -0.00522643 -0.0139562 0.999889 1.96884
0.998913 -0.0457337 0.00898368 90.1967 0.0456145 0.998874 0.0130547 2.86546 -0.0095706 -0.0126308 0.999874 2.01238
0.998727 -0.049327 0.0105511 92.0986 0.0492178 0.998734 0.0103715 2.95681 -0.0110493 -0.00983902 0.999891 2.05399
0.998512 -0.0536365 0.0098297 93.9094 0.0535431 0.99852 0.00952673 3.05101 -0.0103261 -0.00898624 0.999906 2.09342
0.998141 -0.0597619 0.0119684 95.6297 0.0596344 0.998162 0.0107452 3.15487 -0.0125885 -0.0100115 0.999871 2.13049
0.997751 -0.065129 0.0158622 97.2507 0.0649154 0.997798 0.0136241 3.26807 -0.0167146 -0.0125638 0.999781 2.16502
0.997355 -0.0715372 0.0128741 98.7632 0.0713307 0.997327 0.0158368 3.38787 -0.0139726 -0.0148766 0.999792 2.19687
0.997077 -0.0757992 0.00962627 100.159 0.0755884 0.996925 0.0206419 3.50715 -0.0111613 -0.0198539 0.999741 2.22605
0.996934 -0.0781213 0.00439994 101.433 0.0779997 0.996685 0.023118 3.61977 -0.00619136 -0.0227039 0.999723 2.25257
0.997034 -0.0767942 0.00499246 102.6 0.0766328 0.996694 0.0269992 3.72839 -0.00704933 -0.0265365 0.999623 2.2767
0.997889 -0.0642522 0.00944457 103.678 0.0639137 0.997423 0.0325986 3.82473 -0.0115148 -0.0319261 0.999424 2.29911
0.999445 -0.0301613 0.0141393 105.135 0.0297077 0.999069 0.0312667 3.92416 -0.0150692 -0.0308293 0.999411 2.33022
0.999687 0.023575 0.00840062 106.435 -0.023819 0.999259 0.030236 3.9633 -0.00768158 -0.0304266 0.999507 2.35928
0.994811 0.101651 0.004243 107.668 -0.101728 0.994461 0.0264266 3.92131 -0.00153321 -0.0267211 0.999642 2.3889
0.978158 0.207864 5.86951e-05 108.837 -0.207831 0.978 0.0179612 3.77677 0.00367608 -0.0175811 0.999839 2.41974
0.944417 0.328749 -0.00102744 109.944 -0.328693 0.944306 0.0157357 3.51537 0.00614332 -0.0145234 0.999876 2.45221
0.888092 0.459663 0.00180753 110.978 -0.459634 0.887974 0.0154511 3.12338 0.00549726 -0.0145528 0.999879 2.48641
0.806059 0.591833 -0.00159805 111.922 -0.591703 0.805933 0.018947 2.59482 0.0125014 -0.0143268 0.999819 2.52212
0.702985 0.711201 -0.00244556 112.806 -0.710856 0.702743 0.0289252 1.92497 0.0222902 -0.0185955 0.999579 2.56016
0.580833 0.814022 0.0012378 113.575 -0.813793 0.580632 0.0246579 1.08834 0.0193534 -0.0153295 0.999695 2.5999
0.433859 0.90096 0.00605955 114.213 -0.900915 0.433737 0.0149471 0.100174 0.0108385 -0.0119441 0.99987 2.6406
0.293085 0.956036 0.00975908 114.709 -0.955886 0.2928 0.0234481 -1.0284 0.0195598 -0.0162009 0.999677 2.68168
0.176297 0.984336 -0.00151136 115.03 -0.984048 0.176282 0.0239431 -2.30456 0.0238344 -0.00273383 0.999712 2.7226
0.100979 0.99487 0.00607588 115.25 -0.994726 0.10085 0.0186676 -3.73018 0.0179591 -0.00792888 0.999807 2.76509
0.0573365 0.998348 0.00371671 115.333 -0.998242 0.0572737 0.0152412 -4.77467 0.0150032 -0.00458405 0.999877 2.79442
0.0168914 0.999834 -0.00686045 115.359 -0.999655 0.0170256 0.0200093 -5.89653 0.0201228 0.00652009 0.999776 2.82448
-0.00651245 0.999955 -0.00685198 115.37 -0.999566 -0.00631281 0.0287642 -7.09783 0.0287197 0.00703633 0.999563 2.85626
-0.00893401 0.999905 -0.0105247 115.34 -0.999688 -0.00868579 0.0233981 -8.37727 0.0233045 0.0107305 0.999671 2.88914
-0.00450592 0.999915 -0.0122201 115.317 -0.99969 -0.00420492 0.0245465 -9.72539 0.0244931 0.0123269 0.999624 2.92398
-0.00938295 0.999882 -0.0121487 115.297 -0.999633 -0.00907031 0.0255384 -11.1438 0.0254252 0.0123838 0.9996 2.96074
-0.00584122 0.999906 -0.0124121 115.275 -0.999714 -0.00555116 0.0232769 -12.6223 0.0232058 0.0125445 0.999652 2.99903
-0.00635384 0.999924 -0.0105367 115.261 -0.999804 -0.0061547 0.0188253 -14.1553 0.018759 0.0106542 0.999767 3.03894
-0.00185019 0.999955 -0.00929187 115.241 -0.999836 -0.00168222 0.0180523 -15.7191 0.0180359 0.00932375 0.999794 3.07951
-0.00665968 0.999922 -0.0105694 115.21 -0.99988 -0.00651084 0.0140552 -17.3133 0.0139853 0.0106617 0.999845 3.12062
-0.0105337 0.999894 -0.0100916 115.18 -0.999828 -0.0103776 0.0153924 -18.9447 0.0152861 0.010252 0.999831 3.16274
-0.0123336 0.999877 -0.00971042 115.155 -0.999661 -0.012107 0.0230574 -20.601 0.022937 0.00999151 0.999687 3.20561
-0.0117507 0.999914 -0.00583798 115.139 -0.999763 -0.0116417 0.0183762 -22.2774 0.0183066 0.00605253 0.999814 3.24923
-0.0146214 0.999884 -0.00421743 115.118 -0.999843 -0.0145783 0.0100719 -23.9599 0.0100092 0.00436403 0.99994 3.29291
-0.0132855 0.999905 0.0037282 115.099 -0.999885 -0.0133121 0.00721363 -25.6394 0.00726257 -0.00363193 0.999967 3.33654
-0.0132268 0.999912 0.000943799 115.063 -0.99965 -0.013245 0.0228947 -27.3018 0.0229052 -0.000640645 0.999737 3.37933
-0.0132406 0.999911 -0.00141766 115.029 -0.999783 -0.013216 0.0161083 -28.9589 0.0160881 0.00163064 0.999869 3.42202
-0.0129604 0.999916 -0.000212997 114.997 -0.999864 -0.0129576 0.0102449 -30.6006 0.0102413 0.000345747 0.999947 3.46434
-0.0147428 0.99989 0.00159117 114.972 -0.999823 -0.0147603 0.0116487 -32.2263 0.0116709 -0.00141916 0.999931 3.50642
-0.0189154 0.999819 0.0021914 114.943 -0.999739 -0.0189418 0.0127406 -33.8393 0.0127798 -0.00194984 0.999916 3.54808
-0.0219476 0.999755 0.00288576 114.915 -0.99968 -0.0219821 0.0125126 -35.4378 0.0125729 -0.00261021 0.999918 3.58936
-0.0279779 0.999597 0.00477811 114.882 -0.999544 -0.02803 0.0112185 -37.0207 0.0113479 -0.00446206 0.999926 3.63014
-0.0313186 0.999501 0.00415269 114.837 -0.999446 -0.0313633 0.011177 -38.5827 0.0113017 -0.00380034 0.999929 3.67009
-0.0344572 0.999401 0.00310196 114.782 -0.999322 -0.0344945 0.0129 -40.1281 0.0129993 -0.00265536 0.999912 3.70935
-0.0364921 0.999302 0.00799155 114.728 -0.999261 -0.0365849 0.0117828 -41.6543 0.0120669 -0.00755567 0.999899 3.74815
-0.0381564 0.999244 0.00742002 114.678 -0.999199 -0.0382424 0.0118209 -43.1242 0.0120958 -0.00696303 0.999903 3.78555
-0.0415197 0.999099 0.00881842 114.627 -0.999052 -0.0416301 0.0127345 -44.5413 0.0130901 -0.00828133 0.99988 3.82156
-0.040874 0.999129 0.00841825 114.577 -0.999043 -0.0409988 0.0152292 -45.9427 0.0155611 -0.00778772 0.999849 3.85716
-0.0417188 0.999123 0.00355025 114.522 -0.999049 -0.0417604 0.0125581 -47.3319 0.0126954 -0.00302296 0.999915 3.89234
-0.0388575 0.999217 0.00748624 114.473 -0.999154 -0.0389538 0.0131865 -48.7068 0.0134678 -0.00696751 0.999885 3.92728
-0.0419433 0.999108 0.00491658 114.418 -0.999033 -0.0420039 0.0129535 -50.0626 0.0131484 -0.00436852 0.999904 3.96159
-0.0485694 0.998759 0.0110036 114.368 -0.998737 -0.0487045 0.0123679 -51.4069 0.0128885 -0.010389 0.999863 3.99569
-0.0627608 0.997983 0.00951672 114.3 -0.997879 -0.0629139 0.0167414 -52.7402 0.0173064 -0.00844583 0.999815 4.02911
-0.0753027 0.997127 0.00817163 114.216 -0.996935 -0.0754575 0.020666 -54.0846 0.0212233 -0.00659037 0.999753 4.06244
-0.0864796 0.996175 0.0125491 114.112 -0.996097 -0.0866823 0.0166288 -55.4455 0.017653 -0.0110621 0.999783 4.09573
-0.0904457 0.995861 0.00894263 113.991 -0.995737 -0.0905904 0.0173754 -56.8253 0.0181136 -0.00733298 0.999809 4.12912
-0.094706 0.995483 0.00669133 113.856 -0.99541 -0.0947877 0.0131826 -58.245 0.0137573 -0.00541215 0.999891 4.16325
-0.0961963 0.995318 0.00940535 113.721 -0.995274 -0.0963092 0.0124019 -59.7016 0.0132497 -0.00816788 0.999879 4.19834
-0.0997992 0.995003 0.00309615 113.568 -0.994825 -0.09984 0.0188493 -61.1786 0.0190642 -0.00119898 0.999818 4.23353
-0.100694 0.994917 0.00125749 113.414 -0.994743 -0.1007 0.0185834 -62.6739 0.0186156 0.000620353 0.999827 4.26921
-0.100366 0.99494 -0.00456534 113.265 -0.994879 -0.100303 0.0124221 -64.1714 0.0119014 0.00578872 0.999912 4.30506
-0.102618 0.994708 -0.0051287 113.146 -0.994635 -0.10254 0.013662 -65.6688 0.0130638 0.00650315 0.999894 4.34157
-0.107188 0.994217 -0.00659439 113.016 -0.994169 -0.1071 0.0125478 -67.1575 0.011769 0.00790091 0.9999 4.37763
-0.111073 0.993796 -0.00576184 112.867 -0.993727 -0.110985 0.0137833 -68.6539 0.0130583 0.00725664 0.999888 4.41342
-0.1155 0.993296 -0.00467134 112.713 -0.993216 -0.115424 0.014134 -70.1667 0.0135 0.00627212 0.999889 4.44955
-0.116561 0.993174 -0.00443875 112.554 -0.99307 -0.116479 0.0156127 -71.6931 0.0149891 0.00622783 0.999868 4.48591
-0.119178 0.992862 -0.00458949 112.388 -0.992804 -0.119113 0.0123701 -73.2377 0.0117351 0.00603071 0.999913 4.52259
-0.120683 0.992691 -0.00039007 112.215 -0.992613 -0.120668 0.0125842 -74.804 0.0124452 0.00190589 0.999921 4.55968
-0.12466 0.9922 -0.000139637 112.029 -0.992126 -0.124649 0.0121971 -76.389 0.0120845 0.00165902 0.999926 4.59696
-0.128208 0.991745 -0.00189655 111.835 -0.991593 -0.128154 0.0178942 -77.9948 0.0175034 0.00417478 0.999838 4.63459
-0.128003 0.991763 -0.00458754 111.631 -0.991517 -0.127863 0.0233285 -79.6215 0.0225497 0.00753474 0.999717 4.67254
-0.126726 0.991909 -0.0075029 111.419 -0.991771 -0.126562 0.0193006 -81.2725 0.0181948 0.00988704 0.999786 4.71094
-0.126644 0.991942 -0.00351318 111.214 -0.991825 -0.126572 0.0162021 -82.943 0.0156269 0.00553635 0.999863 4.75002
-0.124102 0.992236 -0.00819019 111.003 -0.992189 -0.123983 0.0137762 -84.6344 0.0126538 0.00983586 0.999872 4.78951
-0.119331 0.992833 -0.00657146 110.799 -0.992789 -0.119245 0.0122364 -86.3425 0.0113651 0.00798427 0.999904 4.82957
-0.117123 0.993104 -0.00511289 110.599 -0.992916 -0.116994 0.0207598 -88.0431 0.0200185 0.00750813 0.999771 4.86955
-0.114568 0.993393 -0.00669517 110.408 -0.993233 -0.114415 0.019954 -89.765 0.0190561 0.00893596 0.999778 4.9103
-0.111359 0.99377 -0.00456985 110.216 -0.993625 -0.111259 0.018196 -91.4932 0.0175742 0.00656701 0.999824 4.95119
-0.110387 0.993879 -0.00428392 110.026 -0.993781 -0.110311 0.0152008 -93.2248 0.0146352 0.00593525 0.999875 4.99221
-0.108503 0.994068 -0.00750471 109.832 -0.994004 -0.108387 0.0144688 -94.9505 0.0135696 0.00902961 0.999867 5.033
-0.108277 0.994088 -0.00809592 109.642 -0.993957 -0.108108 0.019023 -96.665 0.0180353 0.0101068 0.999786 5.07358
-0.109664 0.993958 -0.00453048 109.463 -0.993876 -0.109591 0.0141556 -98.3713 0.0135736 0.0060551 0.99989 5.11419
-0.10991 0.993937 -0.00313046 109.29 -0.993773 -0.109833 0.018751 -100.06 0.0182934 0.00517189 0.999819 5.15447
-0.113251 0.993566 -0.00122378 109.112 -0.993349 -0.1132 0.021044 -101.733 0.0207701 0.00359889 0.999778 5.19424
-0.111661 0.993739 -0.00381867 108.93 -0.993522 -0.111554 0.0216943 -103.385 0.0211324 0.00621634 0.999757 5.23335
-0.114761 0.993391 -0.00221263 108.747 -0.993102 -0.114673 0.0244801 -105.02 0.0240646 0.00500673 0.999698 5.27198
-0.116212 0.993217 -0.00379939 108.568 -0.992921 -0.116081 0.0251737 -106.634 0.0245619 0.00669797 0.999676 5.31018
-0.12122 0.99262 -0.00340277 108.388 -0.992235 -0.121076 0.0284727 -108.226 0.0278506 0.00682782 0.999589 5.34777
-0.129512 0.991574 -0.00272204 108.203 -0.991159 -0.129377 0.0294191 -109.798 0.0288191 0.00650809 0.999563 5.3847
-0.133462 0.991052 -0.00190898 108.009 -0.990692 -0.133361 0.0272952 -111.352 0.0267964 0.00553407 0.999626 5.42098
-0.139647 0.990201 0.000952882 107.811 -0.989482 -0.139582 0.0379754 -112.892 0.0377363 0.00436027 0.999278 5.4568
-0.14596 0.989289 -0.0019577 107.599 -0.988479 -0.14576 0.0407762 -114.422 0.040054 0.00788684 0.999166 5.49203
-0.149114 0.988807 -0.00497275 107.384 -0.988248 -0.148855 0.0347625 -115.946 0.0336332 0.0100979 0.999383 5.52702
-0.152188 0.988349 -0.00221234 107.156 -0.987726 -0.152012 0.0359254 -117.454 0.0351706 0.00765262 0.999352 5.56131
-0.158321 0.987387 -0.00116952 106.936 -0.986539 -0.158135 0.0416487 -118.951 0.0409384 0.00774763 0.999132 5.59546
-0.162403 0.986724 -3.57207e-06 106.708 -0.98568 -0.162231 0.0459959 -120.435 0.0453847 0.00747341 0.998942 5.62908
-0.170547 0.985346 -0.00253367 106.473 -0.984389 -0.170266 0.0445888 -121.908 0.043504 0.0100986 0.999002 5.66227
-0.18025 0.983607 -0.00517758 106.221 -0.982855 -0.179899 0.0404063 -123.371 0.0388125 0.012372 0.99917 5.69483
-0.198041 0.980185 -0.00410334 105.961 -0.979442 -0.197724 0.0399854 -124.821 0.0383818 0.0119377 0.999192 5.72683
-0.222265 0.974976 -0.00438517 105.672 -0.97411 -0.221873 0.043384 -126.258 0.0413254 0.0139144 0.999049 5.75783
-0.24488 0.969517 -0.00835709 105.347 -0.968785 -0.244333 0.0419102 -127.679 0.0385908 0.0183592 0.999086 5.78758
-0.266746 0.963603 -0.0177707 104.988 -0.963052 -0.265792 0.0434314 -129.086 0.0371273 0.0286993 0.998898 5.81615
-0.290182 0.956563 -0.0279735 104.19 -0.956441 -0.288924 0.0417608 -131.849 0.0318646 0.0388733 0.998736 5.87015
-0.290894 0.95595 -0.0392441 103.768 -0.956424 -0.28947 0.0382197 -133.199 0.0251761 0.0486519 0.998498 5.89579
-0.29305 0.955069 -0.0443235 103.356 -0.9556 -0.291088 0.0457926 -134.533 0.0308331 0.055775 0.997967 5.92125
-0.289613 0.956067 -0.0453998 102.951 -0.956673 -0.287656 0.0450734 -135.851 0.0300336 0.0564866 0.997952 5.94642
-0.287567 0.956442 -0.0502469 102.551 -0.957362 -0.285538 0.0438974 -137.151 0.0276379 0.0607279 0.997772 5.97127
-0.281972 0.958001 -0.0522177 102.166 -0.958983 -0.279778 0.0455621 -138.427 0.0290392 0.0629231 0.997596 5.99582
-0.275249 0.959822 -0.0545833 101.79 -0.960933 -0.27296 0.0458358 -139.687 0.0290951 0.0650671 0.997457 6.02015
-0.265001 0.962596 -0.0564161 101.434 -0.96391 -0.262904 0.0419433 -140.928 0.0255425 0.065495 0.997526 6.04447
-0.257401 0.964476 -0.059415 101.096 -0.965962 -0.255186 0.0423909 -142.155 0.0257231 0.0683041 0.997333 6.06881
-0.2515 0.965963 -0.0605241 100.768 -0.967558 -0.249376 0.0405394 -143.365 0.0240663 0.0687563 0.997343 6.09294
-0.243737 0.968099 -0.0581068 100.467 -0.969494 -0.241608 0.0413129 -144.554 0.0259559 0.0664037 0.997455 6.11716
-0.231772 0.970979 -0.0590047 100.178 -0.972434 -0.229671 0.0402964 -145.723 0.0255753 0.0667178 0.997444 6.14113
-0.215792 0.974832 -0.0559999 99.9135 -0.97605 -0.213732 0.0405548 -146.879 0.0275652 0.0634101 0.997607 6.16532
-0.194687 0.979075 -0.0592319 99.6653 -0.980503 -0.192619 0.0388771 -148.017 0.0266544 0.065646 0.997487 6.18943
-0.166115 0.984499 -0.0562854 99.4542 -0.985741 -0.16423 0.0366378 -149.148 0.0268261 0.0615689 0.997742 6.21418
-0.121935 0.991062 -0.054109 99.2754 -0.992161 -0.120204 0.0341789 -150.268 0.0273693 0.0578524 0.99795 6.23943
-0.0785958 0.995775 -0.0474759 99.1553 -0.996391 -0.0769345 0.0358632 -151.382 0.0320592 0.0501232 0.998228 6.26587
-0.0411024 0.998351 -0.0400798 99.0862 -0.998481 -0.0395691 0.0383279 -152.492 0.0366787 0.0415943 0.998461 6.29336
-0.0244472 0.999328 -0.0272955 99.0669 -0.999157 -0.023524 0.0336448 -153.604 0.0329801 0.028095 0.999061 6.32207
-0.0358539 0.999205 -0.017454 99.0711 -0.999003 -0.0353707 0.0272516 -154.714 0.0266125 0.0184137 0.999476 6.35127
-0.0558401 0.998297 -0.016863 99.0517 -0.998139 -0.0554011 0.0254679 -155.817 0.0244903 0.0182538 0.999533 6.37975
-0.0789127 0.996739 -0.0168542 98.9992 -0.996633 -0.0785043 0.023657 -156.901 0.0222568 0.0186643 0.999578 6.40696
-0.106881 0.994187 -0.0129606 98.9283 -0.994045 -0.106569 0.0227371 -157.97 0.0212237 0.0153136 0.999657 6.43333
-0.137647 0.990418 -0.011238 98.8133 -0.990299 -0.137395 0.0207344 -159.019 0.0189917 0.013983 0.999722 6.45817
-0.167861 0.985705 -0.0144564 98.6701 -0.9857 -0.167605 0.017411 -160.049 0.0147392 0.0171723 0.999744 6.48186
-0.19278 0.981126 -0.0151015 98.5057 -0.98112 -0.19249 0.0187598 -161.053 0.0154988 0.0184329 0.99971 6.50439
-0.213439 0.976752 -0.0200031 98.3114 -0.976828 -0.213034 0.0205836 -162.035 0.0158437 0.0239329 0.999588 6.52565
-0.225913 0.973964 -0.0189112 98.1113 -0.974045 -0.225565 0.0188927 -162.999 0.0141351 0.0226884 0.999643 6.54628
-0.226803 0.973762 -0.0186618 97.8092 -0.973872 -0.226517 0.0162576 -164.424 0.0116038 0.0218614 0.999694 6.57665
-0.235532 0.971821 -0.00940896 97.5029 -0.971753 -0.235345 0.0176 -165.837 0.0148897 0.0132885 0.999801 6.60662
-0.246702 0.96896 -0.0159469 97.2846 -0.968949 -0.246351 0.0211989 -166.813 0.0166124 0.0206816 0.999648 6.62716
-0.257411 0.966081 -0.020645 97.0376 -0.966197 -0.25701 0.0202049 -167.818 0.0142136 0.0251482 0.999583 6.64778
-0.268426 0.963168 -0.0159592 96.7714 -0.963201 -0.268124 0.0188214 -168.854 0.0138491 0.0204241 0.999695 6.6688
-0.279469 0.959912 -0.0216079 96.483 -0.960049 -0.279033 0.021146 -169.917 0.014269 0.0266543 0.999543 6.68999
-0.287886 0.957408 -0.0221447 96.1749 -0.957537 -0.287395 0.0229449 -170.999 0.0156034 0.0278099 0.999491 6.71122
-0.295102 0.955086 -0.0269347 95.8595 -0.955405 -0.294647 0.0196037 -172.099 0.010787 0.0315187 0.999445 6.73275
-0.300646 0.953354 -0.0269979 95.5196 -0.953696 -0.300253 0.0176886 -173.199 0.00875729 0.0310658 0.999479 6.75373
-0.303013 0.952311 -0.0358797 95.1811 -0.952978 -0.302639 0.0155768 -174.299 0.00397537 0.0389126 0.999235 6.77475
-0.301238 0.952839 -0.0367834 94.8392 -0.953525 -0.300734 0.018668 -175.39 0.00672555 0.0406974 0.999149 6.79545
-0.298886 0.953618 -0.0357692 94.5067 -0.954273 -0.298454 0.0169841 -176.474 0.00552089 0.0392099 0.999216 6.81616
-0.29272 0.955528 -0.0357844 94.1852 -0.956175 -0.292247 0.0179167 -177.544 0.00666197 0.0394607 0.999199 6.83678
-0.285724 0.957719 -0.0337018 93.8845 -0.958253 -0.28514 0.0211315 -178.585 0.0106283 0.0383326 0.999209 6.8571
-0.280642 0.95927 -0.0322736 93.6059 -0.959775 -0.280174 0.0183128 -179.579 0.00852469 0.0361147 0.999311 6.87672
-0.261933 0.964396 -0.036478 93.2236 -0.965086 -0.261771 0.00923995 -180.97 -0.00063788 0.0376246 0.999292 6.90433
-0.23294 0.971698 -0.0392734 92.9121 -0.972486 -0.232874 0.00631816 -182.218 -0.00300639 0.0396646 0.999209 6.92984
-0.178346 0.983442 -0.0321561 92.6607 -0.983944 -0.17802 0.0127492 -183.398 0.00681366 0.0339136 0.999402 6.95496
-0.0977635 0.994902 -0.0247262 92.4887 -0.995169 -0.0975036 0.011511 -184.544 0.00904147 0.0257321 0.999628 6.98102
-0.00378523 0.999865 -0.0159778 92.4274 -0.999975 -0.00368821 0.00609733 -185.658 0.00603758 0.0160005 0.999854 7.00882
0.0904137 0.995855 -0.00989847 92.4569 -0.995904 0.0904037 -0.00144558 -186.748 -0.000544727 0.00998863 0.99995 7.03806
0.191876 0.981366 -0.0102361 92.5908 -0.981418 0.191879 -0.000740101 -187.817 0.00123778 0.0101879 0.999947 7.0692
0.313986 0.949368 -0.0106353 92.851 -0.949352 0.314083 0.00907968 -188.91 0.0119603 0.00724571 0.999902 7.10386
0.445106 0.895437 -0.00850596 93.2828 -0.89529 0.445187 0.0162269 -190.017 0.0183169 0.000392622 0.999832 7.14288
0.571368 0.820472 -0.0190828 93.9029 -0.820271 0.571666 0.0188064 -191.148 0.0263391 0.00490768 0.999641 7.18685
0.686137 0.727374 -0.0119577 94.7785 -0.727105 0.68622 0.0205241 -192.26 0.0231343 -0.00538781 0.999718 7.23628
0.751618 0.659466 -0.0132573 95.5038 -0.659161 0.751699 0.0213448 -192.988 0.0240417 -0.00730439 0.999684 7.27213
0.805822 0.591987 -0.0142256 96.3508 -0.591738 0.805923 0.0183001 -193.695 0.0222981 -0.00632875 0.999731 7.31026
0.847289 0.530967 -0.0132412 97.3204 -0.530755 0.847364 0.0165415 -194.37 0.0200031 -0.00698757 0.999775 7.35038
0.875684 0.482779 -0.0100842 98.4052 -0.482593 0.875691 0.0163968 -195.015 0.0167467 -0.00949185 0.999815 7.39241
0.898341 0.439245 -0.00688025 99.5909 -0.439133 0.898322 0.0133829 -195.63 0.0120591 -0.00900109 0.999887 7.43596
0.913526 0.406682 -0.00899035 100.866 -0.40664 0.913568 0.00614042 -196.229 0.0107105 -0.0019536 0.999941 7.48116
0.929554 0.368545 -0.0102256 102.224 -0.36852 0.92961 0.00425132 -196.808 0.0110726 -0.000183502 0.999939 7.52777
0.939659 0.341931 -0.0111186 103.662 -0.341882 0.939723 0.00611309 -197.356 0.0125386 -0.00194298 0.99992 7.57537
0.94564 0.325096 -0.0088488 105.175 -0.32503 0.945669 0.00814239 -197.876 0.0110151 -0.00482365 0.999928 7.62403
0.948068 0.317971 -0.00786228 106.742 -0.317917 0.94809 0.00731569 -198.387 0.00978033 -0.00443622 0.999942 7.67367
0.9487 0.316049 -0.00906587 108.36 -0.316038 0.948743 0.00263247 -198.923 0.00943317 0.000367743 0.999955 7.72517
0.947635 0.31909 -0.013039 110.029 -0.319106 0.947719 0.000853132 -199.479 0.0126296 0.00335238 0.999915 7.77833
0.947794 0.31873 -0.00993857 111.737 -0.318706 0.947846 0.00393608 -200.045 0.0106748 -0.000563108 0.999943 7.83268
0.946334 0.323045 -0.00966674 113.462 -0.323027 0.946383 0.00349409 -200.621 0.0102772 -0.000183963 0.999947 7.88769
0.945221 0.326249 -0.0109082 115.188 -0.326277 0.945274 -0.000806894 -201.204 0.010048 0.00432178 0.99994 7.9429
0.945782 0.324656 -0.00969408 116.918 -0.324683 0.945822 -0.00131829 -201.794 0.00874088 0.00439432 0.999952 7.99838
0.945779 0.324588 -0.0120223 118.648 -0.324627 0.945841 -0.00144353 -202.384 0.0109026 0.00526802 0.999927 8.05386
0.946077 0.323677 -0.0131057 120.386 -0.323738 0.946143 -0.00277088 -202.975 0.011503 0.00686429 0.99991 8.10956
0.947419 0.319588 -0.0161273 122.126 -0.319663 0.947529 -0.00221915 -203.563 0.0145719 0.00725777 0.999867 8.16524
0.94681 0.321365 -0.0166072 123.868 -0.321464 0.946915 -0.00364628 -204.143 0.0145538 0.00879095 0.999855 8.22073
0.948918 0.315246 -0.0131842 125.612 -0.315302 0.948989 -0.00232883 -204.718 0.0117775 0.00636686 0.99991 8.27615
0.949323 0.313987 -0.0140581 127.354 -0.313969 0.949427 0.00352759 -205.286 0.0144548 0.001065 0.999895 8.33133
0.950164 0.311432 -0.0140486 129.09 -0.311483 0.95025 -0.0015304 -205.847 0.0128731 0.00583004 0.9999 8.38619
0.950596 0.310169 -0.0127569 130.814 -0.310187 0.950675 0.000606083 -206.399 0.0123157 0.00338089 0.999918 8.44052
0.952777 0.303373 -0.0134509 132.514 -0.303374 0.952869 0.00201527 -206.935 0.0134283 0.00216056 0.999908 8.49389
0.954031 0.299437 -0.0127659 134.183 -0.299469 0.954106 -0.000640126 -207.451 0.0119883 0.00443368 0.999918 8.54606
0.955611 0.294536 -0.0075143 135.809 -0.294552 0.955635 -0.00100175 -207.945 0.00688588 0.00317063 0.999971 8.5966
0.956445 0.291666 -0.0120299 137.378 -0.291666 0.956518 0.00178342 -208.418 0.012027 0.00180298 0.999926 8.64528
0.957306 0.288774 -0.0132425 138.884 -0.288761 0.957397 0.00290018 -208.858 0.0135158 0.00104756 0.999908 8.69167
0.959205 0.282591 -0.00830501 140.32 -0.282586 0.95924 0.00177471 -209.274 0.00846802 0.000644574 0.999964 8.73576
0.961329 0.275321 -0.00672752 141.674 -0.275326 0.961351 0.000223658 -209.653 0.00652908 0.00163725 0.999977 8.777
0.962822 0.270054 -0.00674063 142.934 -0.270036 0.962844 0.00346958 -209.992 0.00742715 -0.00152038 0.999971 8.81504
0.963378 0.267929 -0.0108073 144.102 -0.267905 0.963438 0.00363094 -210.298 0.011385 -0.00060262 0.999935 8.85008
0.963585 0.26708 -0.0131042 145.175 -0.267029 0.963672 0.00556356 -210.577 0.0141141 -0.00186176 0.999899 8.88222
0.963852 0.266 -0.0152703 146.171 -0.26595 0.963972 0.00528481 -210.834 0.0161259 -0.00103263 0.999869 8.912
0.965311 0.260705 -0.0143996 147.566 -0.260607 0.965409 0.00837849 -211.19 0.0160859 -0.00433521 0.999861 8.9536
0.971954 0.234567 -0.0168194 148.913 -0.234558 0.972099 0.00257401 -211.524 0.0169539 0.00144331 0.999855 8.9935
0.983573 0.179622 -0.0179114 150.203 -0.179551 0.983733 0.0054964 -211.788 0.0186073 -0.00219009 0.999824 9.03024
0.996003 0.0878575 -0.016079 151.447 -0.0877878 0.996127 0.00499579 -211.951 0.0164557 -0.00356428 0.999858 9.06329
0.999295 -0.0360334 -0.0105804 152.652 0.036178 0.99925 0.0138013 -211.975 0.0100752 -0.0141743 0.999849 9.0918
0.984565 -0.174934 -0.00537491 153.812 0.175013 0.984293 0.0231901 -211.849 0.00123375 -0.0237728 0.999717 9.11532
0.946317 -0.32324 0.000189482 154.911 0.323088 0.945888 0.0301828 -211.572 -0.00993553 -0.0285013 0.999544 9.13348
0.880056 -0.474864 0.00219607 155.914 0.474396 0.879377 0.0405566 -211.128 -0.0211901 -0.0346503 0.999175 9.14502
0.782924 -0.622115 0.00179374 156.81 0.62147 0.782238 0.0433483 -210.536 -0.0283708 -0.0328237 0.999058 9.15025
0.66121 -0.750174 0.00631372 157.575 0.749227 0.660757 0.0453858 -209.806 -0.0382191 -0.0252791 0.99895 9.14881
0.526375 -0.850253 -0.000223163 158.18 0.848942 0.525549 0.0556441 -208.963 -0.0471943 -0.0294791 0.998451 9.14069
0.383895 -0.923314 -0.0107411 158.638 0.922231 0.382813 0.0542643 -208.011 -0.0459911 -0.0307376 0.998469 9.12633
0.266294 -0.963677 -0.0203446 158.963 0.962936 0.265031 0.0501274 -206.959 -0.0429147 -0.0329392 0.998536 9.10627
0.178978 -0.98378 -0.0119942 159.199 0.982772 0.178197 0.0490512 -205.812 -0.0461182 -0.0205667 0.998724 9.08166
0.126955 -0.991677 -0.0214324 159.334 0.990651 0.125677 0.0530705 -204.534 -0.0499353 -0.0279696 0.998361 9.0513
0.0733317 -0.997298 -0.00441466 159.453 0.996382 0.0730723 0.0433928 -203.119 -0.042953 -0.00758076 0.999048 9.01694
0.0420224 -0.999066 -0.0100581 159.485 0.998192 0.0415484 0.0434362 -202.075 -0.0429777 -0.0118652 0.999006 8.99032
-0.00201305 -0.999787 -0.0205334 159.44 0.998826 -0.00300426 0.0483568 -199.754 -0.0484082 -0.0204119 0.998619 8.92847
-0.0129706 -0.999571 -0.0262632 159.392 0.998733 -0.0142279 0.048267 -198.478 -0.0486199 -0.0256039 0.998489 8.8939
-0.012504 -0.999355 -0.0336641 159.33 0.998821 -0.0140626 0.0464676 -197.124 -0.046911 -0.0330434 0.998352 8.85698
-0.00247382 -0.999079 -0.042832 159.267 0.998958 -0.00442118 0.0454303 -195.695 -0.0455778 -0.042675 0.998049 8.81806
0.0132124 -0.998967 -0.0434826 159.226 0.998768 0.011105 0.0483555 -194.192 -0.0478227 -0.044068 0.997883 8.7777
0.032415 -0.998443 -0.0453994 159.214 0.998483 0.0303263 0.0459649 -192.618 -0.0445165 -0.0468205 0.997911 8.73615
0.0517033 -0.997385 -0.0505047 159.24 0.997586 0.0492345 0.0489619 -190.973 -0.0463473 -0.0529142 0.997523 8.69366
0.0707855 -0.996067 -0.0532818 159.31 0.996509 0.0682448 0.0480833 -189.265 -0.044258 -0.0564994 0.997421 8.65048
0.0904438 -0.994577 -0.0513414 159.423 0.994672 0.0876509 0.0542718 -187.518 -0.0494774 -0.0559764 0.997205 8.60731
0.108658 -0.992922 -0.0479515 159.566 0.99286 0.10601 0.0546975 -185.758 -0.049227 -0.0535524 0.997351 8.56449
0.119029 -0.991717 -0.0482681 159.735 0.991797 0.116477 0.0526439 -183.996 -0.0465857 -0.0541383 0.997446 8.5222
0.121807 -0.991358 -0.0487182 159.918 0.991361 0.119108 0.0549286 -182.23 -0.0486512 -0.054988 0.997301 8.48015
0.1261 -0.990751 -0.0501047 160.106 0.990929 0.123435 0.0531346 -180.452 -0.0464585 -0.0563505 0.99733 8.43789
0.126727 -0.990618 -0.0511506 160.295 0.990842 0.123996 0.0534581 -178.666 -0.0466141 -0.0574568 0.997259 8.39542
0.126894 -0.990427 -0.0543377 160.495 0.990861 0.124043 0.0529863 -176.875 -0.0457388 -0.0605648 0.997116 8.35309
0.128806 -0.989965 -0.0581222 160.694 0.990604 0.125729 0.0538163 -175.087 -0.0459686 -0.0645079 0.996858 8.31081
0.129481 -0.989787 -0.0596414 160.896 0.990631 0.126489 0.0514873 -173.301 -0.0434175 -0.0657493 0.996891 8.26867
0.127488 -0.990055 -0.0594866 161.094 0.990887 0.124508 0.0513848 -171.514 -0.0434672 -0.0654954 0.996906 8.22641
0.124752 -0.990275 -0.0615813 161.292 0.991076 0.121435 0.0549678 -169.728 -0.0469551 -0.0678891 0.996587 8.18418
0.122814 -0.990386 -0.0636532 161.487 0.991417 0.11954 0.0529309 -167.939 -0.0448129 -0.0696075 0.996567 8.14179
0.126208 -0.989969 -0.063509 161.682 0.990928 0.122831 0.0545442 -166.151 -0.0461962 -0.0698167 0.99649 8.09941
0.128309 -0.989675 -0.0638808 161.881 0.990751 0.125048 0.0526866 -164.371 -0.0441544 -0.0700501 0.996566 8.05734
0.131566 -0.989046 -0.0669284 162.087 0.990313 0.128111 0.0535456 -162.601 -0.0443847 -0.0733249 0.99632 8.0157
0.132261 -0.989107 -0.0646075 162.296 0.990198 0.128892 0.0538074 -160.842 -0.0448939 -0.0710908 0.996459 7.97439
0.139502 -0.988009 -0.0661652 162.505 0.989219 0.136043 0.0542002 -159.086 -0.044549 -0.073013 0.996336 7.9332
0.135625 -0.988525 -0.0665163 162.716 0.989884 0.132377 0.0510482 -157.34 -0.0416572 -0.0727669 0.996479 7.89231
0.139473 -0.988186 -0.0635354 162.929 0.989313 0.136303 0.0517798 -155.599 -0.042508 -0.0700783 0.996635 7.85159
0.13772 -0.988201 -0.0670188 163.147 0.989619 0.13448 0.0506903 -153.853 -0.0410796 -0.0733042 0.996463 7.81084
0.140618 -0.988105 -0.0622579 163.366 0.989224 0.137631 0.0499297 -152.096 -0.0407671 -0.0686081 0.99681 7.76986
0.143052 -0.987762 -0.062155 163.593 0.988957 0.140202 0.0480431 -150.326 -0.0387408 -0.0683412 0.99691 7.72868
0.149334 -0.986805 -0.0625741 163.824 0.988029 0.146442 0.0485178 -148.543 -0.0387141 -0.0690704 0.99686 7.68729
0.150737 -0.98625 -0.0677467 164.068 0.987552 0.147112 0.0556792 -146.744 -0.0449473 -0.0752963 0.996148 7.64574
0.148763 -0.986411 -0.0697274 164.309 0.988027 0.14535 0.0517294 -144.931 -0.0408916 -0.076588 0.996224 7.6038
0.148488 -0.986575 -0.0679725 164.552 0.98822 0.145458 0.0475733 -143.102 -0.0370476 -0.0742358 0.996552 7.56144
0.147829 -0.986747 -0.0669034 164.796 0.988233 0.144689 0.0495957 -141.257 -0.0392582 -0.0734479 0.996526 7.51872
0.136555 -0.988471 -0.0654062 165.038 0.989848 0.133521 0.0487196 -139.398 -0.0394248 -0.0713951 0.996669 7.47557
0.128512 -0.989383 -0.0678618 165.263 0.990813 0.125188 0.0511684 -137.518 -0.0421296 -0.0738141 0.996382 7.43148
0.118134 -0.990696 -0.0675654 165.472 0.992155 0.114958 0.0491138 -135.622 -0.0408896 -0.0728374 0.996505 7.38659
0.113155 -0.991336 -0.0667012 165.658 0.992798 0.110152 0.0471129 -133.703 -0.0393575 -0.0715519 0.99666 7.34057
0.109574 -0.991717 -0.0670071 165.833 0.993376 0.106911 0.0421239 -131.766 -0.0346113 -0.0711789 0.996863 7.29382
0.106906 -0.992525 -0.058867 166.012 0.993541 0.104375 0.0445118 -129.812 -0.0380349 -0.0632454 0.997273 7.24672
0.10703 -0.992614 -0.057107 166.185 0.993375 0.104341 0.0481594 -127.85 -0.0418451 -0.0618832 0.997206 7.19927
0.105211 -0.992705 -0.0588859 166.352 0.993554 0.10242 0.0485756 -125.891 -0.0421901 -0.0636171 0.997082 7.15176
0.103116 -0.992801 -0.060932 166.514 0.993712 0.100136 0.0500921 -123.94 -0.04363 -0.0657141 0.996884 7.10433
0.102477 -0.992942 -0.0597023 166.674 0.993848 0.0996666 0.0482917 -121.991 -0.0420006 -0.0642838 0.997047 7.05695
0.101026 -0.992799 -0.0643805 166.831 0.994103 0.0981709 0.046071 -120.043 -0.0394189 -0.0686552 0.996861 7.0095
0.101576 -0.992814 -0.0632658 166.985 0.99409 0.0988468 0.0448739 -118.096 -0.0382978 -0.0674501 0.996987 6.96197
0.103063 -0.992464 -0.0662837 167.138 0.99393 0.100178 0.0454783 -116.149 -0.0384954 -0.0705685 0.996764 6.91445
0.0983408 -0.99309 -0.0640438 167.295 0.994409 0.0955761 0.0448955 -114.201 -0.0384642 -0.0681008 0.996937 6.867
0.0963778 -0.993154 -0.0659959 167.455 0.994618 0.0935621 0.0445103 -112.254 -0.0380309 -0.0699305 0.996827 6.81966
0.0978768 -0.993063 -0.0651597 167.613 0.994519 0.0951803 0.0432835 -110.308 -0.0367814 -0.069039 0.996936 6.77226
0.0985442 -0.992858 -0.0672444 167.769 0.994467 0.0957822 0.0431382 -108.362 -0.0363893 -0.0711234 0.996804 6.72483
0.0984756 -0.992828 -0.0677818 167.928 0.994344 0.0954456 0.0465828 -106.417 -0.0397792 -0.0719857 0.996612 6.67748
0.0997859 -0.992861 -0.0653421 168.084 0.994311 0.0970413 0.043917 -104.474 -0.0372626 -0.0693527 0.996896 6.63014
0.0995555 -0.992633 -0.0690568 168.237 0.994309 0.0965982 0.0449251 -102.535 -0.0379234 -0.0731364 0.996601 6.58282
0.098906 -0.992185 -0.0760704 168.388 0.994551 0.096031 0.0405747 -100.596 -0.0329525 -0.079669 0.996277 6.53546
0.101176 -0.991459 -0.082293 168.535 0.994359 0.0981298 0.0402671 -98.6573 -0.0318478 -0.0859028 0.995794 6.48802
0.105108 -0.991162 -0.0809348 168.699 0.993913 0.102 0.0416383 -96.7197 -0.0330149 -0.0848186 0.995849 6.44098
0.10943 -0.991054 -0.0763995 168.875 0.993356 0.106281 0.0441385 -94.7853 -0.0356238 -0.0807219 0.9961 6.39432
0.114398 -0.990653 -0.0742946 169.06 0.992811 0.111354 0.043904 -92.8501 -0.0352207 -0.078783 0.996269 6.34784
0.118541 -0.990077 -0.0754634 169.249 0.992386 0.115571 0.0425832 -90.9122 -0.0334392 -0.0799367 0.996239 6.30139
0.121164 -0.989438 -0.0795746 169.447 0.992169 0.118268 0.0401651 -88.9773 -0.0303298 -0.083818 0.996019 6.25522
0.122038 -0.989386 -0.0788853 169.655 0.992109 0.119299 0.0385607 -87.0339 -0.0287404 -0.0829687 0.996138 6.20905
0.121379 -0.989571 -0.0775602 169.867 0.992182 0.118671 0.0386359 -85.0887 -0.0290289 -0.0816434 0.996239 6.16294
0.121168 -0.989668 -0.0766583 170.081 0.99221 0.118503 0.0384244 -83.1423 -0.0289432 -0.0807169 0.996317 6.11681
0.119835 -0.990396 -0.0689544 170.293 0.992113 0.116893 0.0452438 -81.1907 -0.036749 -0.0738324 0.996593 6.07054
